1341847980.722988 0.108900 -1.300000 0.100000 -0.000000 0.999941 0.000000 -0.010900
1341847980.752988 0.108897 -1.299600 0.099853 -0.000332 0.999946 0.001599 -0.010215
1341847980.782988 0.108963 -1.302280 0.100752 -0.000054 0.999946 0.002833 -0.010024
1341847980.812988 0.108803 -1.301560 0.100670 -0.000196 0.999952 0.000640 -0.009794
1341847980.842988 0.108995 -1.301160 0.100499 0.000065 0.999946 0.000209 -0.010415
1341847980.872988 0.108861 -1.302260 0.100826 0.000477 0.999941 0.000346 -0.010855
1341847980.902988 0.108973 -1.302460 0.100903 0.000777 0.999938 -0.000814 -0.011098
1341847980.932988 0.109123 -1.301130 0.100465 0.000471 0.999934 -0.002057 -0.011250
1341847980.962988 0.108915 -1.301130 0.100405 0.000389 0.999938 -0.001222 -0.011029
1341847980.992988 0.108870 -1.301870 0.100578 0.000544 0.999939 -0.000749 -0.011017
1341847981.022988 0.108991 -1.301260 0.100386 0.000464 0.999937 -0.001502 -0.011072
1341847981.052988 0.108990 -1.300410 0.100107 0.000333 0.999937 -0.001218 -0.011123
1341847981.082988 0.109010 -1.299960 0.099777 0.000145 0.999937 -0.000122 -0.011264
1341847981.112988 0.108831 -1.299910 0.099691 -0.000290 0.999938 0.000931 -0.011091
1341847981.142987 0.108845 -1.299820 0.099626 -0.000761 0.999940 0.001629 -0.010776
1341847981.172987 0.108528 -1.299870 0.099688 -0.000980 0.999943 0.002333 -0.010402
1341847981.202987 0.108647 -1.300010 0.099658 -0.001136 0.999943 0.002567 -0.010320
1341847981.232987 0.108667 -1.300690 0.099908 -0.000955 0.999945 0.002899 -0.010016
1341847981.262987 0.108744 -1.300610 0.099948 -0.000345 0.999948 0.002331 -0.009907
1341847981.292987 0.108910 -1.300880 0.100061 0.000421 0.999948 0.002011 -0.009977
1341847981.322987 0.109013 -1.300970 0.100198 0.001231 0.999946 0.001269 -0.010204
1341847981.352987 0.108907 -1.300810 0.100101 0.001705 0.999945 0.000691 -0.010327
1341847981.382987 0.109218 -1.300970 0.100164 0.002129 0.999944 0.000459 -0.010366
1341847981.412987 0.109199 -1.300830 0.100151 0.002297 0.999945 -0.000065 -0.010190
1341847981.442987 0.109492 -1.300790 0.100152 0.002386 0.999946 -0.000179 -0.010104
1341847981.472987 0.109332 -1.300540 0.100108 0.002479 0.999951 -0.000212 -0.009619
1341847981.502987 0.109574 -1.300600 0.100126 0.002646 0.999950 0.000099 -0.009635
1341847981.532987 0.109685 -1.300710 0.100092 0.002970 0.999949 0.000281 -0.009660
1341847981.562987 0.110055 -1.300420 0.099976 0.003187 0.999946 -0.000011 -0.009882
1341847981.592987 0.109829 -1.300030 0.100012 0.003462 0.999946 0.000003 -0.009800
1341847981.622987 0.110019 -1.300290 0.100025 0.003784 0.999943 0.000463 -0.009926
1341847981.652987 0.110266 -1.300690 0.100059 0.003950 0.999942 0.000571 -0.010050
1341847981.682987 0.110516 -1.300530 0.099895 0.004390 0.999940 -0.000363 -0.010003
1341847981.712987 0.110958 -1.300860 0.099821 0.004761 0.999938 -0.000094 -0.010053
1341847981.742987 0.111287 -1.301710 0.100047 0.005055 0.999934 -0.000121 -0.010304
1341847981.772987 0.111657 -1.301870 0.100057 0.005270 0.999927 -0.000845 -0.010858
1341847981.802987 0.111783 -1.301390 0.099815 0.005348 0.999915 -0.001354 -0.011803
1341847981.832987 0.111951 -1.301960 0.099779 0.005326 0.999903 -0.001066 -0.012808
1341847981.862987 0.112548 -1.303490 0.100103 0.005065 0.999887 -0.001281 -0.014069
1341847981.892987 0.112815 -1.303050 0.099683 0.004214 0.999875 -0.003396 -0.014885
1341847981.922987 0.113166 -1.301830 0.098955 0.003138 0.999869 -0.004472 -0.015211
1341847981.952987 0.113731 -1.302120 0.098599 0.002293 0.999869 -0.003653 -0.015592
1341847981.982987 0.113929 -1.302250 0.098051 0.001746 0.999866 -0.003533 -0.015890
1341847982.012987 0.114369 -1.301870 0.097393 0.001448 0.999860 -0.003428 -0.016341
1341847982.042987 0.114651 -1.302370 0.096834 0.001891 0.999848 -0.002481 -0.017168
1341847982.072987 0.114916 -1.303490 0.096283 0.002980 0.999831 -0.002085 -0.017993
1341847982.102987 0.114951 -1.303880 0.095385 0.004251 0.999806 -0.003027 -0.019019
1341847982.132987 0.115266 -1.303930 0.093931 0.005713 0.999775 -0.003932 -0.020032
1341847982.162987 0.115182 -1.305370 0.092899 0.007551 0.999756 -0.004183 -0.020332
1341847982.192986 0.115111 -1.305920 0.091380 0.009491 0.999724 -0.006014 -0.020613
1341847982.222986 0.115019 -1.305720 0.089479 0.011160 0.999689 -0.007718 -0.020925
1341847982.252986 0.114412 -1.305850 0.087570 0.012735 0.999670 -0.008320 -0.020692
1341847982.282986 0.113984 -1.307090 0.085933 0.013941 0.999660 -0.008591 -0.020311
1341847982.312986 0.112974 -1.307810 0.084166 0.015204 0.999635 -0.009990 -0.019980
1341847982.342986 0.112567 -1.307550 0.081666 0.015975 0.999611 -0.011587 -0.019717
1341847982.372986 0.112000 -1.307310 0.079159 0.016512 0.999619 -0.012188 -0.018463
1341847982.402986 0.110829 -1.307400 0.076781 0.017420 0.999639 -0.012132 -0.016471
1341847982.432986 0.110101 -1.306370 0.073937 0.018649 0.999639 -0.012151 -0.015033
1341847982.462986 0.108753 -1.306650 0.071320 0.020177 0.999655 -0.010310 -0.013301
1341847982.492986 0.107778 -1.307960 0.068935 0.022632 0.999636 -0.008790 -0.011793
1341847982.522986 0.106439 -1.307970 0.066034 0.025051 0.999595 -0.008792 -0.010288
1341847982.552986 0.105087 -1.308050 0.063147 0.027529 0.999549 -0.008395 -0.008582
1341847982.582986 0.103620 -1.308690 0.060485 0.029776 0.999505 -0.007891 -0.006368
1341847982.612986 0.101961 -1.308360 0.057364 0.031811 0.999455 -0.007964 -0.003830
1341847982.642986 0.100697 -1.308730 0.054542 0.034493 0.999375 -0.007661 -0.001140
1341847982.672986 0.098860 -1.309710 0.052039 0.037705 0.999256 -0.007990 0.001561
1341847982.702986 0.096677 -1.308250 0.048772 0.040758 0.999116 -0.009376 0.004351
1341847982.732986 0.096285 -1.308030 0.045926 0.044492 0.998960 -0.007559 0.006477
1341847982.762986 0.094403 -1.308890 0.043297 0.047418 0.998813 -0.005746 0.009541
1341847982.792986 0.092849 -1.309620 0.040852 0.049856 0.998664 -0.005410 0.012457
1341847982.822986 0.091531 -1.308900 0.037841 0.051451 0.998536 -0.005936 0.015608
1341847982.852986 0.089987 -1.309180 0.035203 0.052610 0.998422 -0.005328 0.018922
1341847982.882986 0.088608 -1.309700 0.032769 0.053743 0.998299 -0.005618 0.021870
1341847982.912986 0.087067 -1.308840 0.029907 0.055232 0.998130 -0.006456 0.025365
1341847982.942986 0.085654 -1.308500 0.027233 0.057280 0.997921 -0.005484 0.029027
1341847982.972986 0.084118 -1.309730 0.025080 0.060175 0.997635 -0.004011 0.032977
1341847983.002986 0.082975 -1.310870 0.023002 0.063040 0.997329 -0.004504 0.036617
1341847983.032986 0.081401 -1.310180 0.020200 0.066401 0.996954 -0.006094 0.040444
1341847983.062986 0.080518 -1.309970 0.017490 0.069670 0.996607 -0.005993 0.043417
1341847983.092986 0.079391 -1.311040 0.015286 0.072564 0.996239 -0.005298 0.047064
1341847983.122986 0.078012 -1.311280 0.012788 0.075580 0.995779 -0.006153 0.051716
1341847983.152986 0.077429 -1.311520 0.010285 0.078826 0.995297 -0.006823 0.055887
1341847983.182986 0.076280 -1.312440 0.007911 0.082207 0.994747 -0.007397 0.060547
1341847983.212986 0.075469 -1.312640 0.005378 0.084987 0.994234 -0.009398 0.064719
1341847983.242985 0.074818 -1.312250 0.002616 0.087437 0.993712 -0.011223 0.069028
1341847983.272985 0.073954 -1.312400 0.000059 0.089828 0.993157 -0.011795 0.073700
1341847983.302985 0.073025 -1.312350 -0.002776 0.092339 0.992565 -0.012077 0.078372
1341847983.332985 0.072182 -1.312690 -0.005525 0.095037 0.991961 -0.011897 0.082703
1341847983.362985 0.071302 -1.312660 -0.008417 0.097729 0.991376 -0.012071 0.086474
1341847983.392985 0.070773 -1.312640 -0.011373 0.100780 0.990763 -0.011694 0.089977
1341847983.422985 0.069477 -1.313210 -0.014357 0.104068 0.990068 -0.010726 0.093914
1341847983.452985 0.068866 -1.313450 -0.017522 0.106921 0.989448 -0.010832 0.097172
1341847983.482985 0.068347 -1.313960 -0.020452 0.108673 0.988899 -0.011030 0.100735
1341847983.512985 0.067475 -1.313760 -0.023619 0.109892 0.988330 -0.012083 0.104790
1341847983.542985 0.066562 -1.313970 -0.026675 0.111322 0.987684 -0.012576 0.109225
1341847983.572985 0.065567 -1.313820 -0.029903 0.113302 0.986868 -0.013761 0.114306
1341847983.602985 0.064932 -1.312370 -0.033525 0.116465 0.985880 -0.014671 0.119419
1341847983.632985 0.064234 -1.312500 -0.036668 0.119752 0.984963 -0.013218 0.123824
1341847983.662985 0.063111 -1.312490 -0.039877 0.123134 0.983983 -0.012709 0.128276
1341847983.692985 0.062835 -1.310870 -0.043489 0.126392 0.982992 -0.012600 0.132635
1341847983.722985 0.062205 -1.310310 -0.046862 0.128932 0.982077 -0.010182 0.137104
1341847983.752985 0.061451 -1.310620 -0.049802 0.130938 0.981219 -0.007799 0.141432
1341847983.782985 0.061054 -1.309410 -0.053196 0.132924 0.980271 -0.006307 0.146149
1341847983.812985 0.060125 -1.309370 -0.056315 0.134763 0.979250 -0.003236 0.151320
1341847983.842985 0.059614 -1.309240 -0.059040 0.136644 0.978328 -0.000984 0.155567
1341847983.872985 0.059431 -1.308510 -0.061871 0.138190 0.977476 0.001207 0.159509
1341847983.902985 0.058765 -1.309160 -0.064310 0.139335 0.976627 0.003780 0.163618
1341847983.932985 0.058582 -1.308240 -0.067073 0.140813 0.975710 0.004674 0.167746
1341847983.962985 0.058320 -1.307360 -0.069757 0.142127 0.974729 0.006436 0.172228
1341847983.992985 0.057882 -1.307020 -0.072302 0.142290 0.973743 0.009181 0.177463
1341847984.022985 0.057318 -1.306800 -0.074824 0.141992 0.972617 0.011625 0.183630
1341847984.052985 0.056794 -1.306580 -0.077219 0.141688 0.971433 0.013770 0.189874
1341847984.082985 0.057076 -1.305860 -0.079655 0.141828 0.970201 0.015556 0.195837
1341847984.112985 0.056658 -1.306030 -0.082080 0.141908 0.968875 0.017995 0.202039
1341847984.142985 0.056218 -1.306090 -0.084423 0.142377 0.967497 0.019741 0.208057
1341847984.172985 0.056309 -1.305410 -0.087016 0.143360 0.966118 0.021057 0.213589
1341847984.202985 0.056037 -1.305690 -0.089451 0.143704 0.964782 0.022788 0.219147
1341847984.232985 0.055924 -1.305510 -0.092137 0.144031 0.963187 0.023857 0.225737
1341847984.262985 0.055354 -1.305380 -0.095097 0.143962 0.961423 0.025603 0.232991
1341847984.292984 0.055173 -1.305650 -0.097857 0.144516 0.959750 0.027406 0.239255
1341847984.322984 0.054879 -1.305490 -0.100897 0.145556 0.957903 0.028402 0.245821
1341847984.352984 0.054774 -1.305440 -0.103974 0.147138 0.955818 0.030086 0.252700
1341847984.382984 0.054615 -1.305290 -0.107123 0.148093 0.953860 0.031294 0.259308
1341847984.412984 0.054500 -1.304980 -0.110193 0.148656 0.951993 0.032456 0.265627
1341847984.442984 0.054133 -1.304660 -0.113496 0.149168 0.949944 0.033831 0.272416
1341847984.472984 0.053795 -1.304720 -0.116640 0.150147 0.947813 0.035506 0.279007
1341847984.502984 0.053229 -1.304630 -0.119900 0.151641 0.945704 0.036411 0.285174
1341847984.532984 0.052688 -1.304120 -0.123088 0.153515 0.943496 0.037361 0.291295
1341847984.562984 0.052082 -1.304100 -0.126186 0.154428 0.941404 0.038971 0.297308
1341847984.592984 0.051410 -1.304830 -0.128822 0.155536 0.939422 0.039432 0.302887
1341847984.622984 0.050746 -1.304600 -0.131608 0.156664 0.937367 0.038417 0.308744
1341847984.652984 0.050354 -1.304070 -0.134549 0.157109 0.935222 0.037863 0.315028
1341847984.682984 0.049614 -1.304640 -0.137087 0.158283 0.932868 0.038157 0.321322
1341847984.712984 0.048944 -1.303970 -0.140128 0.160304 0.930292 0.037667 0.327781
1341847984.742984 0.048383 -1.304300 -0.142403 0.161723 0.927740 0.038811 0.334121
1341847984.772984 0.047610 -1.305040 -0.144657 0.163195 0.924936 0.039240 0.341059
1341847984.802984 0.046784 -1.305280 -0.147145 0.164342 0.922086 0.038502 0.348234
1341847984.832984 0.046267 -1.305160 -0.149458 0.164599 0.919575 0.037604 0.354789
1341847984.862984 0.045837 -1.305330 -0.151727 0.163875 0.916866 0.037552 0.362065
1341847984.892984 0.045506 -1.305780 -0.153992 0.163230 0.913741 0.037797 0.370141
1341847984.922984 0.045377 -1.306240 -0.158114 0.162459 0.907651 0.035473 0.385381
1341847984.952984 0.045436 -1.306730 -0.160147 0.161111 0.904480 0.035009 0.393362
1341847984.982984 0.045559 -1.307170 -0.162048 0.159841 0.901303 0.033804 0.401199
1341847985.012984 0.045983 -1.307090 -0.164043 0.158716 0.898239 0.032489 0.408560
1341847985.042984 0.046562 -1.307080 -0.165844 0.157845 0.895243 0.032026 0.415450
1341847985.072984 0.047138 -1.306880 -0.167779 0.156562 0.892004 0.032609 0.422794
1341847985.102984 0.047802 -1.307820 -0.169315 0.155737 0.888608 0.034080 0.430069
1341847985.132984 0.048635 -1.308530 -0.170740 0.155851 0.885333 0.033954 0.436741
1341847985.162984 0.049536 -1.308620 -0.172540 0.155929 0.881890 0.033254 0.443677
1341847985.192984 0.050416 -1.308890 -0.174561 0.155931 0.878395 0.032903 0.450583
1341847985.222984 0.051506 -1.309070 -0.176350 0.155910 0.875116 0.032657 0.456944
1341847985.252984 0.052561 -1.309290 -0.178274 0.155342 0.871818 0.032668 0.463396
1341847985.282984 0.053609 -1.309570 -0.180563 0.154799 0.868145 0.033263 0.470378
1341847985.312984 0.054810 -1.310010 -0.182570 0.154403 0.864631 0.033981 0.476884
1341847985.342983 0.056189 -1.310210 -0.184611 0.154218 0.861376 0.034334 0.482772
1341847985.372983 0.058963 -1.311150 -0.188863 0.153239 0.855832 0.034125 0.492853
1341847985.402983 0.060303 -1.311260 -0.191194 0.152763 0.852563 0.033207 0.498696
1341847985.432983 0.061724 -1.311720 -0.193241 0.152379 0.849140 0.033062 0.504628
1341847985.462983 0.063328 -1.311960 -0.195276 0.153044 0.845469 0.032397 0.510597
1341847985.492983 0.064837 -1.311900 -0.197456 0.153503 0.841840 0.031960 0.516450
1341847985.522983 0.066465 -1.311980 -0.199428 0.154427 0.838048 0.032425 0.522280
1341847985.552983 0.068205 -1.312240 -0.201288 0.156072 0.834429 0.032327 0.527565
1341847985.582983 0.069719 -1.312270 -0.203056 0.157129 0.830957 0.031372 0.532764
1341847985.612983 0.071210 -1.312290 -0.205016 0.157471 0.827009 0.030975 0.538794
1341847985.642983 0.072756 -1.312520 -0.207018 0.158260 0.822812 0.030497 0.544981
1341847985.672983 0.074164 -1.312630 -0.208845 0.158590 0.818940 0.029342 0.550750
1341847985.702983 0.075634 -1.312300 -0.211073 0.157837 0.815100 0.028601 0.556670
1341847985.732983 0.077066 -1.312900 -0.212576 0.157522 0.811398 0.028947 0.562123
1341847985.762983 0.078494 -1.313110 -0.214081 0.158092 0.807755 0.027887 0.567240
1341847985.792983 0.079585 -1.313290 -0.215836 0.157577 0.804099 0.027548 0.572570
1341847985.822983 0.080587 -1.314060 -0.217317 0.157020 0.800222 0.027678 0.578120
1341847985.852983 0.081736 -1.314630 -0.218414 0.156976 0.796431 0.026260 0.583409
1341847985.882983 0.082679 -1.315130 -0.219392 0.156394 0.792890 0.024085 0.588460
1341847985.912983 0.083490 -1.315640 -0.220453 0.154704 0.789149 0.022268 0.593982
1341847985.942983 0.084331 -1.316230 -0.221577 0.152829 0.784997 0.020539 0.600001
1341847985.972983 0.085162 -1.316710 -0.222205 0.151159 0.781091 0.018509 0.605562
1341847986.002983 0.085750 -1.317330 -0.223072 0.149032 0.776759 0.016706 0.611683
1341847986.032983 0.086319 -1.317910 -0.223779 0.147549 0.772080 0.014849 0.617981
1341847986.062983 0.086789 -1.318290 -0.224552 0.146018 0.767350 0.013232 0.624242
1341847986.092983 0.087202 -1.318790 -0.225393 0.143877 0.762525 0.011956 0.630644
1341847986.122983 0.087729 -1.319140 -0.225840 0.141924 0.757782 0.010232 0.636804
1341847986.152983 0.088200 -1.319370 -0.226310 0.139977 0.752932 0.008542 0.642983
1341847986.182983 0.088595 -1.319680 -0.226471 0.137882 0.747803 0.007562 0.649402
1341847986.212983 0.089320 -1.320220 -0.227005 0.134283 0.736386 0.005584 0.663078
1341847986.242983 0.089615 -1.320470 -0.227214 0.132343 0.730192 0.005999 0.670275
1341847986.272983 0.090122 -1.320790 -0.228181 0.131183 0.724025 0.005919 0.677158
1341847986.302983 0.090439 -1.320940 -0.229465 0.131225 0.717813 0.005210 0.683738
1341847986.332983 0.090638 -1.321180 -0.230793 0.131141 0.711678 0.004480 0.690143
1341847986.362983 0.090793 -1.321440 -0.232153 0.132145 0.705462 0.003054 0.696313
1341847986.392982 0.090768 -1.321300 -0.233677 0.133846 0.699075 0.001839 0.702407
1341847986.422982 0.090458 -1.321420 -0.235051 0.134431 0.692528 0.003115 0.708748
1341847986.452982 0.090338 -1.321680 -0.236811 0.134398 0.685984 0.004615 0.715081
1341847986.482982 0.090296 -1.321770 -0.238355 0.135040 0.679866 0.004481 0.720782
1341847986.512982 0.090124 -1.321810 -0.239726 0.135568 0.674023 0.003990 0.726153
1341847986.542982 0.089884 -1.321950 -0.240891 0.135346 0.668229 0.003810 0.731531
1341847986.572982 0.089709 -1.322170 -0.241887 0.134919 0.662738 0.003405 0.736589
1341847986.602982 0.089483 -1.322490 -0.242818 0.134335 0.657407 0.002621 0.741460
1341847986.632982 0.089238 -1.322610 -0.243826 0.134109 0.651720 0.001716 0.746507
1341847986.662982 0.088958 -1.322810 -0.244262 0.133339 0.646475 0.001361 0.751191
1341847986.692982 0.088724 -1.323130 -0.245087 0.132159 0.641391 0.000815 0.755745
1341847986.722982 0.088584 -1.323280 -0.245905 0.131390 0.636296 -0.000560 0.760173
1341847986.752982 0.088304 -1.323400 -0.246298 0.130447 0.631172 -0.001514 0.764593
1341847986.782982 0.088196 -1.323360 -0.246671 0.129328 0.626185 -0.002025 0.768871
1341847986.812982 0.088067 -1.323340 -0.247244 0.127909 0.621151 -0.002429 0.773178
1341847986.842982 0.087988 -1.323260 -0.247824 0.126369 0.616338 -0.002668 0.777272
1341847986.872982 0.087988 -1.322990 -0.247989 0.124809 0.611611 -0.003223 0.781246
1341847986.902982 0.087884 -1.322880 -0.248334 0.122368 0.606672 -0.003270 0.785470
1341847986.932982 0.087891 -1.322840 -0.248464 0.119762 0.602044 -0.003041 0.789424
1341847986.962982 0.087921 -1.322940 -0.248441 0.117289 0.597632 -0.003734 0.793137
1341847986.992982 0.088034 -1.322850 -0.248625 0.115795 0.593083 -0.005044 0.796755
1341847987.022982 0.088041 -1.322720 -0.248493 0.114621 0.588713 -0.006228 0.800150
1341847987.052982 0.088071 -1.322460 -0.247992 0.113122 0.584552 -0.007389 0.803398
1341847987.082982 0.088049 -1.322460 -0.247694 0.111124 0.580260 -0.008346 0.806772
1341847987.112982 0.088042 -1.322390 -0.247180 0.109642 0.576325 -0.009238 0.809780
1341847987.142982 0.088144 -1.322010 -0.246767 0.108424 0.572606 -0.010069 0.812567
1341847987.172982 0.088236 -1.321720 -0.246251 0.106584 0.568967 -0.010391 0.815358
1341847987.202982 0.088394 -1.321380 -0.245806 0.104592 0.565058 -0.010701 0.818325
1341847987.232982 0.088505 -1.321010 -0.245292 0.102417 0.561068 -0.011064 0.821335
1341847987.262982 0.088627 -1.320610 -0.244888 0.100280 0.557206 -0.011168 0.824221
1341847987.292982 0.088739 -1.320230 -0.244307 0.098252 0.553217 -0.010783 0.827152
1341847987.322982 0.088827 -1.320040 -0.243913 0.096054 0.549487 -0.009905 0.829904
1341847987.352982 0.089012 -1.319640 -0.243361 0.094226 0.545980 -0.008588 0.832438
1341847987.382982 0.089333 -1.319090 -0.242668 0.092118 0.542933 -0.007363 0.834676
1341847987.412982 0.089628 -1.318860 -0.242034 0.089527 0.539947 -0.006878 0.836896
1341847987.442981 0.089989 -1.318290 -0.241221 0.087126 0.536716 -0.007043 0.839223
1341847987.472981 0.090293 -1.317910 -0.240413 0.084468 0.533060 -0.006677 0.841824
1341847987.502981 0.090707 -1.317510 -0.239623 0.082089 0.529400 -0.006517 0.844367
1341847987.532981 0.091080 -1.317080 -0.238830 0.079410 0.525967 -0.005942 0.846769
1341847987.562981 0.091502 -1.316970 -0.237873 0.076655 0.523234 -0.005475 0.848717
1341847987.592981 0.091984 -1.316580 -0.236866 0.074511 0.520871 -0.005690 0.850358
1341847987.622981 0.092539 -1.316000 -0.235819 0.072166 0.518140 -0.005960 0.852225
1341847987.652981 0.093080 -1.315460 -0.234843 0.069692 0.515513 -0.005568 0.854025
1341847987.682981 0.093693 -1.315010 -0.234116 0.066961 0.512976 -0.004518 0.855775
1341847987.712981 0.094321 -1.314560 -0.232858 0.064204 0.511005 -0.003199 0.857171
1341847987.742981 0.094967 -1.314250 -0.231904 0.061952 0.509321 -0.001811 0.858342
1341847987.772981 0.095701 -1.313690 -0.230797 0.060025 0.507863 -0.000113 0.859344
1341847987.802981 0.096495 -1.313260 -0.229774 0.057851 0.506614 0.000883 0.860229
1341847987.832981 0.098329 -1.311440 -0.227471 0.053949 0.504127 0.004004 0.861934
1341847987.862981 0.099310 -1.310630 -0.226317 0.051140 0.502661 0.005879 0.862950
1341847987.892981 0.100393 -1.309330 -0.225037 0.048348 0.500940 0.008100 0.864093
1341847987.922981 0.101463 -1.308510 -0.224059 0.044538 0.499289 0.010499 0.865226
1341847987.952981 0.102541 -1.307780 -0.223005 0.040610 0.497748 0.013049 0.866272
1341847987.982981 0.103607 -1.306950 -0.221501 0.036988 0.496751 0.015279 0.866970
1341847988.012981 0.104767 -1.306020 -0.220278 0.033417 0.495814 0.017161 0.867616
1341847988.042981 0.105806 -1.305470 -0.218922 0.030052 0.495220 0.018217 0.868057
1341847988.072981 0.106960 -1.304550 -0.217439 0.027170 0.494223 0.018253 0.868718
1341847988.102981 0.108084 -1.303460 -0.216070 0.023934 0.492984 0.018669 0.869508
1341847988.132981 0.109212 -1.302460 -0.214386 0.020372 0.491742 0.019380 0.870287
1341847988.162981 0.110201 -1.301730 -0.212782 0.016725 0.490619 0.020723 0.870967
1341847988.192981 0.111253 -1.300830 -0.211339 0.013300 0.489457 0.021678 0.871657
1341847988.222981 0.112377 -1.299500 -0.209793 0.009857 0.487883 0.022702 0.872558
1341847988.252981 0.113407 -1.298480 -0.208158 0.005980 0.485868 0.024292 0.873674
1341847988.282981 0.114316 -1.297450 -0.206424 0.002723 0.483803 0.026281 0.874778
1341847988.312981 0.115334 -1.296320 -0.204844 -0.000545 0.481427 0.028326 0.876028
1341847988.342981 0.116391 -1.295400 -0.203360 -0.004237 0.479097 0.030679 0.877216
1341847988.372981 0.117316 -1.294540 -0.201856 -0.007760 0.476914 0.032962 0.878297
1341847988.402981 0.118322 -1.293520 -0.200390 -0.011278 0.474522 0.035034 0.879474
1341847988.432981 0.119170 -1.292640 -0.198782 -0.013839 0.472215 0.036969 0.880599
1341847988.462981 0.120102 -1.291780 -0.197207 -0.015939 0.469905 0.038058 0.881752
1341847988.492980 0.121112 -1.290640 -0.195757 -0.018740 0.467185 0.039044 0.883098
1341847988.522980 0.121977 -1.289950 -0.194201 -0.022014 0.464197 0.040849 0.884516
1341847988.552980 0.122844 -1.289260 -0.192589 -0.024577 0.461558 0.042462 0.885752
1341847988.582980 0.123779 -1.288380 -0.191062 -0.026590 0.458655 0.043582 0.887147
1341847988.612980 0.124756 -1.287530 -0.189448 -0.028799 0.455262 0.044485 0.888779
1341847988.642980 0.125669 -1.287320 -0.188134 -0.031852 0.451596 0.046105 0.890461
1341847988.672980 0.126448 -1.286910 -0.186544 -0.033834 0.448482 0.047984 0.891861
1341847988.702980 0.127376 -1.286170 -0.184874 -0.034687 0.445626 0.048868 0.893211
1341847988.732980 0.128272 -1.285730 -0.183139 -0.036166 0.442395 0.049891 0.894701
1341847988.762980 0.129183 -1.285490 -0.181781 -0.038119 0.439157 0.051469 0.896124
1341847988.792980 0.130059 -1.285170 -0.180142 -0.040399 0.436600 0.053337 0.897164
1341847988.822980 0.130756 -1.284540 -0.178007 -0.042103 0.434477 0.054303 0.898058
1341847988.852980 0.131704 -1.283940 -0.176360 -0.043208 0.431687 0.054351 0.899347
1341847988.882980 0.132603 -1.283470 -0.174496 -0.045471 0.428450 0.054392 0.900780
1341847988.912980 0.133498 -1.283280 -0.172907 -0.047453 0.424945 0.054982 0.902301
1341847988.942980 0.134056 -1.283260 -0.170967 -0.048575 0.422016 0.055521 0.903582
1341847988.972980 0.134880 -1.283150 -0.169265 -0.049514 0.418869 0.055966 0.904967
1341847989.002980 0.135780 -1.283030 -0.167756 -0.050982 0.415801 0.056598 0.906260
1341847989.032980 0.136584 -1.282940 -0.166131 -0.052590 0.413035 0.057822 0.907355
1341847989.062980 0.137283 -1.282990 -0.164485 -0.053532 0.410521 0.058818 0.908376
1341847989.092980 0.138074 -1.282540 -0.162804 -0.053952 0.408173 0.058979 0.909399
1341847989.122980 0.138861 -1.282280 -0.161220 -0.054697 0.405406 0.059191 0.910577
1341847989.152980 0.139749 -1.281950 -0.159582 -0.055388 0.402093 0.059343 0.911993
1341847989.182980 0.140685 -1.281640 -0.158052 -0.055835 0.398220 0.059640 0.913645
1341847989.212980 0.141505 -1.281500 -0.156581 -0.056004 0.394111 0.059277 0.915438
1341847989.242980 0.142525 -1.281320 -0.154887 -0.055921 0.389647 0.059029 0.917368
1341847989.272980 0.143476 -1.281300 -0.153025 -0.055797 0.385221 0.058743 0.919261
1341847989.302980 0.144543 -1.281400 -0.151408 -0.055741 0.380834 0.057744 0.921154
1341847989.332980 0.145624 -1.281500 -0.149459 -0.055870 0.376292 0.056349 0.923097
1341847989.362980 0.147385 -1.281790 -0.148206 -0.055539 0.371340 0.054261 0.925245
1341847989.392980 0.148808 -1.281980 -0.146300 -0.055368 0.366930 0.052303 0.927125
1341847989.422980 0.150338 -1.282260 -0.144628 -0.056302 0.362416 0.050525 0.928941
1341847989.452980 0.152001 -1.282940 -0.143149 -0.056379 0.357824 0.049416 0.930775
1341847989.482980 0.153691 -1.283490 -0.141592 -0.055190 0.353692 0.048149 0.932490
1341847989.512980 0.155684 -1.283560 -0.139747 -0.054911 0.349780 0.046126 0.934083
1341847989.542979 0.157810 -1.283640 -0.138237 -0.055514 0.345713 0.044769 0.935626
1341847989.572979 0.159967 -1.283840 -0.136755 -0.055818 0.341569 0.043834 0.937173
1341847989.602979 0.162165 -1.284020 -0.135355 -0.055781 0.337460 0.043413 0.938682
1341847989.632979 0.164341 -1.284210 -0.133854 -0.054779 0.333534 0.043191 0.940154
1341847989.662979 0.166795 -1.284060 -0.132507 -0.053470 0.329457 0.042082 0.941716
1341847989.692979 0.169222 -1.284310 -0.131049 -0.052703 0.325246 0.040724 0.943281
1341847989.722979 0.171681 -1.284170 -0.129596 -0.051507 0.321236 0.039206 0.944784
1341847989.752979 0.174266 -1.283840 -0.128200 -0.050504 0.317145 0.037247 0.946299
1341847989.782979 0.176706 -1.283860 -0.126623 -0.049688 0.312854 0.036146 0.947812
1341847989.812979 0.179242 -1.284060 -0.125299 -0.048547 0.308570 0.035852 0.949285
1341847989.842979 0.181837 -1.283680 -0.123749 -0.047150 0.304213 0.035830 0.950761
1341847989.872979 0.184507 -1.283350 -0.122438 -0.046413 0.299360 0.036136 0.952325
1341847989.902979 0.187049 -1.283270 -0.120951 -0.046333 0.294616 0.036831 0.953781
1341847989.932979 0.189494 -1.283840 -0.119751 -0.046021 0.290185 0.037878 0.955113
1341847989.962979 0.192018 -1.284140 -0.118479 -0.044797 0.285816 0.038384 0.956467
1341847989.992979 0.194630 -1.283950 -0.117122 -0.043493 0.281374 0.038563 0.957836
1341847990.022979 0.197503 -1.283940 -0.116259 -0.043327 0.276612 0.038468 0.959233
1341847990.052979 0.199957 -1.284380 -0.115174 -0.043177 0.271899 0.038454 0.960587
1341847990.082979 0.202387 -1.284650 -0.114095 -0.042640 0.266985 0.037634 0.962021
1341847990.112979 0.205166 -1.285000 -0.113318 -0.042439 0.261384 0.036488 0.963611
1341847990.142979 0.207556 -1.286020 -0.112527 -0.041871 0.255793 0.035639 0.965167
1341847990.172979 0.210104 -1.286760 -0.111862 -0.040852 0.250303 0.035519 0.966653
1341847990.202979 0.212244 -1.287710 -0.110966 -0.039745 0.245833 0.035833 0.967834
1341847990.232979 0.214384 -1.288480 -0.110274 -0.037713 0.241871 0.035565 0.968923
1341847990.262979 0.216412 -1.288750 -0.109112 -0.036038 0.238383 0.034781 0.969879
1341847990.292979 0.218481 -1.288940 -0.108017 -0.035454 0.235002 0.033706 0.970763
1341847990.322979 0.220122 -1.289660 -0.106765 -0.035167 0.231961 0.032630 0.971541
1341847990.352979 0.221765 -1.290930 -0.105756 -0.034350 0.229207 0.031640 0.972257
1341847990.382979 0.223567 -1.291210 -0.104517 -0.032855 0.226521 0.030191 0.972984
1341847990.412979 0.225306 -1.291670 -0.103035 -0.031895 0.223360 0.029257 0.973775
1341847990.442979 0.226948 -1.292520 -0.101677 -0.031108 0.220002 0.028878 0.974575
1341847990.472979 0.228309 -1.293400 -0.100189 -0.029960 0.217006 0.028510 0.975294
1341847990.502979 0.230057 -1.293910 -0.098596 -0.028727 0.214077 0.028015 0.975992
1341847990.532979 0.231614 -1.294520 -0.097223 -0.027860 0.211995 0.027423 0.976489
1341847990.562979 0.233145 -1.295210 -0.095509 -0.026756 0.210565 0.026833 0.976845
1341847990.592978 0.234622 -1.295950 -0.093798 -0.025694 0.209441 0.025970 0.977139
1341847990.622978 0.236064 -1.296410 -0.091840 -0.024581 0.208256 0.025240 0.977440
1341847990.652978 0.237485 -1.297170 -0.089963 -0.023382 0.207062 0.024748 0.977735
1341847990.682978 0.238788 -1.297290 -0.087526 -0.021826 0.206181 0.024317 0.977968
1341847990.712978 0.240284 -1.297570 -0.085256 -0.020761 0.205216 0.024453 0.978191
1341847990.742978 0.241561 -1.299210 -0.083364 -0.019591 0.204675 0.025135 0.978311
1341847990.772978 0.242833 -1.299200 -0.080790 -0.016464 0.204779 0.025012 0.978350
1341847990.802978 0.244199 -1.298660 -0.077440 -0.014038 0.204437 0.024894 0.978462
1341847990.832978 0.245536 -1.298920 -0.075075 -0.012337 0.203534 0.024923 0.978673
1341847990.862978 0.246955 -1.298480 -0.072390 -0.010531 0.202165 0.024668 0.978984
1341847990.892978 0.248369 -1.297940 -0.069643 -0.009764 0.200841 0.024109 0.979279
1341847990.922978 0.249771 -1.297760 -0.067154 -0.009808 0.199427 0.023591 0.979580
1341847990.952978 0.251115 -1.298020 -0.064532 -0.009886 0.198036 0.023960 0.979852
1341847990.982978 0.252240 -1.298650 -0.061975 -0.009544 0.197484 0.024449 0.979955
1341847991.012978 0.253345 -1.298560 -0.058715 -0.008128 0.197095 0.024216 0.980052
1341847991.042978 0.254432 -1.298190 -0.055611 -0.006928 0.196320 0.023698 0.980229
1341847991.072978 0.255509 -1.298120 -0.052851 -0.006588 0.195302 0.023702 0.980434
1341847991.102978 0.256559 -1.298340 -0.049951 -0.006688 0.194609 0.023604 0.980574
1341847991.132978 0.257573 -1.298740 -0.047464 -0.006358 0.194267 0.023526 0.980646
1341847991.162978 0.258556 -1.299120 -0.044633 -0.005677 0.194297 0.022798 0.980661
1341847991.192978 0.259305 -1.299440 -0.041424 -0.004700 0.194444 0.021912 0.980658
1341847991.222978 0.260116 -1.300000 -0.038662 -0.003803 0.194440 0.020897 0.980684
1341847991.252978 0.260965 -1.300330 -0.035594 -0.002473 0.194215 0.019845 0.980755
1341847991.282978 0.261747 -1.300600 -0.032808 -0.001288 0.193862 0.018877 0.980846
1341847991.312978 0.262797 -1.300330 -0.029942 -0.000489 0.193065 0.017775 0.981025
1341847991.342978 0.263572 -1.300460 -0.027547 -0.000693 0.192242 0.017070 0.981199
1341847991.372978 0.264329 -1.300600 -0.024896 -0.000860 0.191204 0.016252 0.981415
1341847991.402978 0.265186 -1.300340 -0.022229 -0.001072 0.189521 0.014838 0.981764
1341847991.432978 0.266235 -1.300230 -0.020118 -0.002077 0.187289 0.013756 0.982206
1341847991.462978 0.266739 -1.301200 -0.017608 -0.003370 0.185393 0.013417 0.982567
1341847991.492978 0.266820 -1.302160 -0.015325 -0.002845 0.183526 0.012710 0.982929
1341847991.522978 0.267408 -1.302280 -0.013086 -0.001243 0.180721 0.011388 0.983468
1341847991.552978 0.267946 -1.302280 -0.010281 -0.000463 0.177153 0.010593 0.984126
1341847991.582978 0.268507 -1.303030 -0.008242 -0.000113 0.173124 0.010332 0.984846
1341847991.612978 0.268723 -1.303420 -0.005843 0.001001 0.169250 0.010413 0.985518
1341847991.642977 0.269526 -1.302920 -0.003378 0.001800 0.165382 0.010276 0.986174
1341847991.672977 0.270145 -1.302830 -0.000922 0.000846 0.161803 0.010719 0.986765
1341847991.702977 0.270192 -1.304090 0.001392 -0.000210 0.158380 0.011562 0.987310
1341847991.732977 0.270486 -1.304650 0.003798 0.000764 0.154161 0.011644 0.987977
1341847991.762977 0.271020 -1.304690 0.006017 0.001712 0.149475 0.011768 0.988694
1341847991.792977 0.271583 -1.304380 0.008217 0.002185 0.144713 0.011871 0.989400
1341847991.822977 0.272362 -1.303800 0.010962 0.001918 0.139674 0.011639 0.990127
1341847991.852977 0.272749 -1.303840 0.013869 0.000642 0.134688 0.011373 0.990823
1341847991.882977 0.273221 -1.303430 0.016625 -0.000594 0.129583 0.010819 0.991509
1341847991.912977 0.274106 -1.303060 0.018938 -0.002706 0.124433 0.010398 0.992170
1341847991.942977 0.274679 -1.304250 0.020807 -0.005339 0.119582 0.010141 0.992758
1341847991.972977 0.275234 -1.304790 0.023156 -0.006228 0.115479 0.009300 0.993247
1341847992.002977 0.276300 -1.303730 0.025562 -0.006582 0.111778 0.007885 0.993680
1341847992.032977 0.276602 -1.304200 0.028283 -0.009020 0.108399 0.006702 0.994044
1341847992.062977 0.277162 -1.305240 0.030641 -0.010516 0.104353 0.006329 0.994465
1341847992.092977 0.277943 -1.305040 0.033519 -0.010413 0.099872 0.006146 0.994927
1341847992.122977 0.278875 -1.305050 0.035588 -0.011015 0.095598 0.006017 0.995341
1341847992.152977 0.279400 -1.305440 0.038548 -0.011571 0.092372 0.005204 0.995644
1341847992.182977 0.280265 -1.305290 0.040718 -0.011704 0.088947 0.003762 0.995961
1341847992.212977 0.281563 -1.305030 0.043314 -0.012160 0.084998 0.002404 0.996304
1341847992.242977 0.282908 -1.304680 0.045595 -0.012950 0.081378 0.001279 0.996598
1341847992.272977 0.283604 -1.304560 0.048452 -0.013601 0.078190 0.000455 0.996846
1341847992.302977 0.284705 -1.304030 0.051095 -0.013924 0.074619 -0.000154 0.997115
1341847992.332977 0.286335 -1.303300 0.053144 -0.014951 0.070858 -0.000676 0.997374
1341847992.362977 0.287311 -1.302900 0.055923 -0.016472 0.067802 -0.000557 0.997563
1341847992.392977 0.288867 -1.302590 0.058144 -0.017720 0.064903 -0.000381 0.997734
1341847992.422977 0.290526 -1.301530 0.060491 -0.018577 0.062351 -0.000555 0.997881
1341847992.452977 0.291930 -1.300930 0.062988 -0.020407 0.060192 -0.000393 0.997978
1341847992.482977 0.292952 -1.300630 0.065374 -0.022039 0.058808 -0.000795 0.998026
1341847992.512977 0.294299 -1.300100 0.067674 -0.023435 0.057218 -0.001373 0.998086
1341847992.542977 0.296322 -1.299220 0.070309 -0.024611 0.055530 -0.002271 0.998151
1341847992.572977 0.297256 -1.298300 0.073158 -0.026034 0.054942 -0.002755 0.998146
1341847992.602977 0.298632 -1.297630 0.075197 -0.028128 0.053694 -0.002979 0.998157
1341847992.632977 0.299961 -1.298120 0.077682 -0.030558 0.052071 -0.002883 0.998172
1341847992.662977 0.301080 -1.298220 0.079860 -0.031636 0.050367 -0.002331 0.998227
1341847992.692976 0.302432 -1.296970 0.082388 -0.032147 0.048038 -0.002113 0.998326
1341847992.722976 0.303429 -1.296810 0.084662 -0.034265 0.045526 -0.001937 0.998373
1341847992.752976 0.304682 -1.296440 0.086826 -0.035754 0.042770 -0.001466 0.998444
1341847992.782976 0.305853 -1.295700 0.089082 -0.037675 0.040424 -0.001563 0.998471
1341847992.812976 0.306195 -1.295170 0.091689 -0.040441 0.038268 -0.001764 0.998447
1341847992.842976 0.307311 -1.295490 0.093402 -0.043472 0.035334 -0.001153 0.998429
1341847992.872976 0.308044 -1.293980 0.095856 -0.044841 0.033319 0.000156 0.998438
1341847992.902976 0.308984 -1.293850 0.097584 -0.047633 0.031648 0.000825 0.998363
1341847992.932976 0.309452 -1.293690 0.099687 -0.049792 0.030080 0.001052 0.998306
1341847992.962976 0.310106 -1.293610 0.101749 -0.050945 0.028179 0.001079 0.998303
1341847992.992976 0.310513 -1.292390 0.103896 -0.051673 0.026370 0.000513 0.998316
1341847993.022976 0.310914 -1.291890 0.105923 -0.053945 0.024438 0.000110 0.998245
1341847993.052976 0.311474 -1.291240 0.108096 -0.056141 0.022931 0.000313 0.998159
1341847993.082976 0.312208 -1.291100 0.110099 -0.057813 0.021530 0.000249 0.998095
1341847993.112976 0.312513 -1.290890 0.112255 -0.058830 0.020120 -0.000279 0.998065
1341847993.142976 0.312861 -1.289950 0.114770 -0.059199 0.018655 -0.001445 0.998071
1341847993.172976 0.313289 -1.289810 0.116904 -0.060325 0.016850 -0.002993 0.998032
1341847993.202976 0.314091 -1.289160 0.119293 -0.061561 0.014315 -0.004852 0.997989
1341847993.232976 0.315137 -1.288150 0.121713 -0.063292 0.011487 -0.005829 0.997912
1341847993.262976 0.315601 -1.286870 0.124447 -0.065881 0.009452 -0.005920 0.997765
1341847993.292976 0.315700 -1.287000 0.126935 -0.069051 0.007969 -0.005403 0.997567
1341847993.322976 0.316218 -1.286330 0.129739 -0.070559 0.006883 -0.004934 0.997472
1341847993.352976 0.315825 -1.285560 0.132553 -0.071919 0.006871 -0.004649 0.997376
1341847993.382976 0.316711 -1.284950 0.135112 -0.073272 0.006567 -0.004390 0.997281
1341847993.412976 0.317043 -1.283880 0.138135 -0.074585 0.007161 -0.004142 0.997180
1341847993.442976 0.316805 -1.283600 0.141208 -0.077471 0.008314 -0.003299 0.996954
1341847993.472976 0.316655 -1.283520 0.144123 -0.079237 0.009703 -0.001679 0.996807
1341847993.502976 0.316746 -1.283860 0.146937 -0.079774 0.011154 0.000002 0.996751
1341847993.532976 0.315210 -1.283180 0.150355 -0.079851 0.013621 0.001581 0.996712
1341847993.562976 0.314784 -1.283030 0.153540 -0.080450 0.015055 0.002919 0.996641
1341847993.592976 0.315269 -1.282750 0.156496 -0.080754 0.015671 0.003800 0.996604
1341847993.622976 0.314901 -1.281870 0.160033 -0.080886 0.016794 0.003765 0.996575
1341847993.652976 0.314845 -1.281430 0.162975 -0.082123 0.017189 0.003410 0.996468
1341847993.682976 0.315060 -1.281110 0.166282 -0.083711 0.017616 0.003341 0.996329
1341847993.712976 0.314787 -1.280730 0.169359 -0.084758 0.018972 0.002859 0.996217
1341847993.742975 0.314999 -1.279310 0.172795 -0.085343 0.019484 0.001867 0.996159
1341847993.772975 0.314265 -1.278900 0.175996 -0.087739 0.020170 0.001631 0.995938
1341847993.802975 0.313646 -1.278660 0.178847 -0.090599 0.021043 0.002466 0.995662
1341847993.832975 0.312565 -1.278340 0.182093 -0.092185 0.022518 0.003855 0.995480
1341847993.862975 0.310376 -1.277890 0.185229 -0.093904 0.024169 0.005650 0.995272
1341847993.892975 0.309810 -1.277650 0.187918 -0.096079 0.025009 0.006851 0.995036
1341847993.922975 0.309172 -1.277090 0.190576 -0.098228 0.026302 0.008062 0.994784
1341847993.952975 0.309022 -1.277430 0.193292 -0.100810 0.027402 0.008532 0.994492
1341847993.982975 0.308857 -1.278000 0.195659 -0.102825 0.028668 0.008873 0.994247
1341847994.012975 0.308732 -1.278030 0.198290 -0.103841 0.030172 0.008773 0.994097
1341847994.042975 0.308842 -1.277230 0.201069 -0.103772 0.031071 0.008395 0.994080
1341847994.072975 0.308896 -1.277070 0.203804 -0.103300 0.031308 0.008541 0.994121
1341847994.102975 0.309032 -1.276520 0.206288 -0.102219 0.031242 0.008539 0.994235
1341847994.132975 0.308689 -1.276460 0.208820 -0.102887 0.031703 0.008598 0.994150
1341847994.162975 0.308187 -1.277510 0.211041 -0.103910 0.032256 0.009174 0.994021
1341847994.192975 0.308648 -1.276470 0.216141 -0.103582 0.032721 0.007543 0.994054
1341847994.222975 0.308592 -1.276760 0.218653 -0.105858 0.033258 0.006694 0.993802
1341847994.252975 0.308981 -1.278000 0.220768 -0.108170 0.033765 0.006138 0.993540
1341847994.282975 0.309122 -1.278620 0.223097 -0.110304 0.034975 0.005351 0.993268
1341847994.312975 0.309653 -1.278060 0.225918 -0.111547 0.035878 0.005070 0.993098
1341847994.342975 0.310257 -1.276830 0.228892 -0.111287 0.036550 0.004416 0.993106
1341847994.372975 0.310792 -1.275830 0.231631 -0.111742 0.036890 0.003912 0.993045
1341847994.402975 0.311312 -1.276130 0.234077 -0.113766 0.037361 0.004186 0.992796
1341847994.432975 0.312154 -1.275360 0.236863 -0.115216 0.037699 0.003898 0.992617
1341847994.462975 0.313213 -1.275230 0.239448 -0.118087 0.037269 0.003796 0.992296
1341847994.492975 0.313509 -1.275080 0.242359 -0.120333 0.036939 0.004737 0.992035
1341847994.522975 0.314392 -1.274780 0.245183 -0.121822 0.036672 0.005257 0.991860
1341847994.552975 0.314752 -1.275610 0.247651 -0.125003 0.036994 0.005427 0.991452
1341847994.582975 0.315321 -1.275440 0.250578 -0.127247 0.037198 0.006063 0.991155
1341847994.612975 0.316261 -1.276080 0.253121 -0.129132 0.037636 0.007243 0.990886
1341847994.642975 0.317011 -1.275630 0.256175 -0.130691 0.038871 0.008406 0.990625
1341847994.672975 0.318518 -1.274330 0.259441 -0.131237 0.039453 0.009147 0.990523
1341847994.702975 0.319836 -1.273120 0.262554 -0.131102 0.040175 0.009625 0.990508
1341847994.732975 0.321036 -1.271930 0.265681 -0.131526 0.041309 0.009553 0.990406
1341847994.762975 0.321917 -1.271540 0.268542 -0.133280 0.042542 0.009323 0.990121
1341847994.792974 0.323646 -1.268790 0.271944 -0.133606 0.042656 0.009152 0.990074
1341847994.822974 0.324159 -1.269120 0.274593 -0.137296 0.043851 0.010195 0.989506
1341847994.852974 0.325098 -1.267950 0.277625 -0.142975 0.045464 0.011628 0.988613
1341847994.882974 0.326149 -1.268320 0.280616 -0.148004 0.047442 0.013522 0.987756
1341847994.912974 0.328023 -1.267820 0.283348 -0.149839 0.048826 0.014661 0.987395
1341847994.942974 0.329419 -1.266470 0.286120 -0.151210 0.050285 0.015303 0.987103
1341847994.972974 0.330619 -1.264800 0.288985 -0.154130 0.051405 0.016103 0.986581
1341847995.002974 0.331435 -1.262820 0.292012 -0.155840 0.052546 0.017234 0.986233
1341847995.032974 0.332549 -1.260660 0.294601 -0.156483 0.053288 0.017219 0.986092
1341847995.062974 0.334028 -1.259690 0.297127 -0.158118 0.052791 0.016971 0.985862
1341847995.092974 0.334955 -1.258750 0.299731 -0.160092 0.052013 0.016975 0.985585
1341847995.122974 0.335973 -1.258000 0.302118 -0.161560 0.050793 0.017243 0.985404
1341847995.152974 0.337144 -1.256960 0.304666 -0.163083 0.049238 0.017379 0.985230
1341847995.182974 0.337906 -1.257650 0.306771 -0.166249 0.048059 0.017352 0.984759
1341847995.212974 0.338487 -1.257240 0.308769 -0.167805 0.046819 0.017685 0.984549
1341847995.242974 0.338803 -1.256990 0.310569 -0.168507 0.045762 0.018120 0.984471
1341847995.272974 0.339099 -1.256340 0.312558 -0.169072 0.044487 0.018003 0.984435
1341847995.302974 0.339670 -1.255280 0.314592 -0.170057 0.042864 0.017442 0.984347
1341847995.332974 0.340028 -1.254550 0.316744 -0.171393 0.040878 0.016859 0.984210
1341847995.362974 0.340317 -1.254930 0.318608 -0.173478 0.038478 0.016571 0.983946
1341847995.392974 0.340533 -1.254200 0.320607 -0.174607 0.035949 0.016763 0.983839
1341847995.422974 0.341499 -1.253920 0.322556 -0.175034 0.032460 0.015896 0.983899
1341847995.452974 0.341122 -1.253000 0.324521 -0.175262 0.028908 0.015302 0.983978
1341847995.482974 0.341419 -1.252870 0.326446 -0.176212 0.024371 0.015196 0.983933
1341847995.512974 0.340928 -1.251880 0.328395 -0.176696 0.020602 0.014863 0.983938
1341847995.542974 0.342120 -1.252330 0.330509 -0.178426 0.015695 0.014374 0.983723
1341847995.572974 0.343561 -1.252220 0.332892 -0.179969 0.010885 0.013396 0.983521
1341847995.602974 0.343821 -1.252790 0.334796 -0.181241 0.007016 0.012723 0.983331
1341847995.632974 0.342556 -1.254610 0.336128 -0.182430 0.004677 0.012656 0.983126
1341847995.662974 0.342015 -1.254430 0.338306 -0.182344 0.002184 0.012470 0.983153
1341847995.692974 0.341135 -1.253890 0.340608 -0.182272 0.000261 0.012481 0.983169
1341847995.722974 0.342041 -1.255930 0.343036 -0.184985 -0.002852 0.011830 0.982666
1341847995.752974 0.343069 -1.256720 0.345836 -0.187842 -0.006141 0.011022 0.982118
1341847995.782974 0.342462 -1.255610 0.348617 -0.188377 -0.008625 0.011540 0.981991
1341847995.812973 0.341878 -1.255020 0.350907 -0.188444 -0.011181 0.011561 0.981952
1341847995.842973 0.341650 -1.253840 0.353619 -0.188056 -0.014111 0.010914 0.981996
1341847995.872973 0.341934 -1.252830 0.356033 -0.187972 -0.017616 0.009508 0.981970
1341847995.902973 0.342662 -1.253970 0.358594 -0.188928 -0.021714 0.008206 0.981716
1341847995.932973 0.342451 -1.254020 0.361347 -0.189576 -0.025361 0.007087 0.981513
1341847995.962973 0.341449 -1.254580 0.363444 -0.190895 -0.028501 0.006321 0.981176
1341847995.992973 0.341200 -1.253530 0.365799 -0.192540 -0.032425 0.004640 0.980742
1341847996.022973 0.341289 -1.252970 0.368444 -0.192946 -0.036291 0.003321 0.980532
1341847996.052973 0.341078 -1.252340 0.371283 -0.193094 -0.039226 0.002288 0.980393
1341847996.082973 0.338390 -1.250930 0.374170 -0.193710 -0.040248 0.000316 0.980233
1341847996.112973 0.337843 -1.250930 0.377318 -0.194697 -0.042365 -0.001093 0.979947
1341847996.142973 0.336367 -1.251540 0.380088 -0.195573 -0.043801 -0.002546 0.979707
1341847996.172973 0.333914 -1.252090 0.382766 -0.196880 -0.044511 -0.004528 0.979406
1341847996.202973 0.331831 -1.251780 0.385233 -0.197526 -0.045581 -0.005987 0.979219
1341847996.232973 0.330051 -1.251000 0.387791 -0.198540 -0.046572 -0.007445 0.978957
1341847996.262973 0.328796 -1.250370 0.390466 -0.199639 -0.047632 -0.009076 0.978669
1341847996.292973 0.328027 -1.250720 0.392905 -0.200815 -0.048957 -0.009465 0.978359
1341847996.322973 0.327076 -1.249590 0.395104 -0.201169 -0.050441 -0.010469 0.978201
1341847996.352973 0.326590 -1.247520 0.397501 -0.201410 -0.052609 -0.012024 0.978019
1341847996.382973 0.325851 -1.247060 0.399785 -0.201546 -0.054955 -0.012328 0.977858
1341847996.412973 0.325633 -1.247030 0.402237 -0.201059 -0.057664 -0.012760 0.977797
1341847996.442973 0.325097 -1.246830 0.404545 -0.200041 -0.060292 -0.013542 0.977837
1341847996.472973 0.324589 -1.246250 0.406745 -0.198774 -0.063402 -0.014475 0.977885
1341847996.502973 0.324076 -1.246050 0.408623 -0.197598 -0.066812 -0.016061 0.977872
1341847996.532973 0.323117 -1.245800 0.410446 -0.195598 -0.070393 -0.018088 0.977987
1341847996.562973 0.322491 -1.246690 0.412338 -0.193849 -0.073897 -0.020717 0.978025
1341847996.592973 0.322768 -1.246760 0.414194 -0.191908 -0.077710 -0.022541 0.978072
1341847996.622973 0.322232 -1.246500 0.416051 -0.189518 -0.081184 -0.023720 0.978228
1341847996.652973 0.321444 -1.247930 0.417672 -0.186881 -0.083876 -0.024913 0.978478
1341847996.682973 0.321069 -1.248270 0.419288 -0.184379 -0.086896 -0.025689 0.978669
1341847996.712973 0.320527 -1.249150 0.420707 -0.183372 -0.090019 -0.027296 0.978533
1341847996.742973 0.320435 -1.250140 0.422091 -0.181907 -0.093043 -0.028445 0.978491
1341847996.772973 0.320268 -1.249950 0.423677 -0.180170 -0.096393 -0.030051 0.978440
1341847996.802973 0.320405 -1.250940 0.424941 -0.178662 -0.099775 -0.030413 0.978366
1341847996.832973 0.319820 -1.251090 0.426107 -0.175944 -0.102774 -0.031048 0.978528
1341847996.862972 0.319611 -1.252090 0.427403 -0.172938 -0.106036 -0.030991 0.978718
1341847996.892972 0.319490 -1.252360 0.428657 -0.170499 -0.109024 -0.031036 0.978816
1341847996.922972 0.319851 -1.252620 0.429966 -0.168373 -0.113018 -0.031142 0.978728
1341847996.952972 0.319983 -1.254000 0.431158 -0.166616 -0.117194 -0.031720 0.978519
1341847996.982972 0.320704 -1.254950 0.432298 -0.164692 -0.121817 -0.031679 0.978281
1341847997.012972 0.321283 -1.256030 0.433528 -0.163463 -0.126956 -0.032025 0.977822
1341847997.042972 0.321515 -1.257390 0.434525 -0.162508 -0.132286 -0.032975 0.977243
1341847997.072972 0.321922 -1.258300 0.435503 -0.160321 -0.138161 -0.032889 0.976794
1341847997.102972 0.321811 -1.259760 0.436509 -0.156929 -0.144046 -0.032786 0.976498
1341847997.132972 0.322318 -1.260780 0.437687 -0.154192 -0.150098 -0.032302 0.976039
1341847997.162972 0.322917 -1.264260 0.438693 -0.151443 -0.155444 -0.034890 0.975543
1341847997.192972 0.323774 -1.265050 0.439768 -0.148966 -0.161054 -0.034918 0.975013
1341847997.222972 0.324431 -1.264840 0.440902 -0.147598 -0.166441 -0.035649 0.974290
1341847997.252972 0.325209 -1.265750 0.441808 -0.146342 -0.171496 -0.035825 0.973596
1341847997.282972 0.326146 -1.267720 0.442716 -0.144509 -0.176008 -0.037548 0.973000
1341847997.312972 0.326709 -1.267910 0.443568 -0.142049 -0.180743 -0.037441 0.972498
1341847997.342972 0.327131 -1.266550 0.444675 -0.140052 -0.185506 -0.036587 0.971923
1341847997.372972 0.327316 -1.266830 0.445611 -0.139273 -0.189889 -0.037761 0.971143
1341847997.402972 0.327555 -1.268470 0.446363 -0.138831 -0.194075 -0.038604 0.970346
1341847997.432972 0.327368 -1.268910 0.446988 -0.137301 -0.197742 -0.037778 0.969855
1341847997.462972 0.327798 -1.269250 0.447909 -0.135251 -0.201111 -0.037055 0.969478
1341847997.492972 0.328196 -1.269100 0.448672 -0.133830 -0.204208 -0.036114 0.969064
1341847997.522972 0.328035 -1.269740 0.449403 -0.132383 -0.207516 -0.035714 0.968575
1341847997.552972 0.328696 -1.270370 0.450124 -0.131059 -0.210626 -0.035226 0.968101
1341847997.582972 0.328801 -1.270830 0.450802 -0.129624 -0.213542 -0.034950 0.967665
1341847997.612972 0.328974 -1.270930 0.451359 -0.127916 -0.216689 -0.033650 0.967239
1341847997.642972 0.329753 -1.271790 0.452122 -0.125895 -0.219896 -0.033425 0.966788
1341847997.672972 0.329629 -1.272050 0.452630 -0.124211 -0.223054 -0.032574 0.966311
1341847997.702972 0.329950 -1.272420 0.453518 -0.122647 -0.226453 -0.032344 0.965728
1341847997.732972 0.330422 -1.273070 0.453874 -0.120976 -0.229563 -0.032024 0.965215
1341847997.762972 0.330690 -1.273370 0.454492 -0.118570 -0.232761 -0.032530 0.964731
1341847997.792972 0.331179 -1.273730 0.455079 -0.116504 -0.236015 -0.032663 0.964187
1341847997.822972 0.331410 -1.274750 0.455818 -0.114128 -0.239450 -0.034594 0.963557
1341847997.852972 0.331493 -1.274450 0.456535 -0.111446 -0.243390 -0.034579 0.962884
1341847997.882972 0.331862 -1.274930 0.457389 -0.109695 -0.247773 -0.035866 0.961919
1341847997.912971 0.331605 -1.275780 0.458395 -0.107674 -0.252159 -0.037171 0.960958
1341847997.942971 0.331616 -1.276440 0.459243 -0.105437 -0.256467 -0.037736 0.960044
1341847997.972971 0.331981 -1.277310 0.460296 -0.102923 -0.260999 -0.038836 0.959051
1341847998.002971 0.331619 -1.278360 0.461112 -0.100399 -0.265472 -0.039643 0.958057
1341847998.032971 0.331639 -1.279440 0.461939 -0.097815 -0.269570 -0.040117 0.957160
1341847998.062971 0.331669 -1.280330 0.462807 -0.095467 -0.273736 -0.040028 0.956218
1341847998.092971 0.331923 -1.280980 0.463589 -0.093099 -0.277852 -0.039263 0.955296
1341847998.122971 0.332066 -1.281950 0.464122 -0.091072 -0.281914 -0.038031 0.954350
1341847998.152971 0.331405 -1.282400 0.464697 -0.089178 -0.286172 -0.036436 0.953323
1341847998.182971 0.330680 -1.282300 0.465384 -0.086752 -0.290476 -0.035779 0.952270
1341847998.212971 0.331276 -1.283700 0.466043 -0.084919 -0.294559 -0.035333 0.951197
1341847998.242971 0.330590 -1.284160 0.466174 -0.082217 -0.297958 -0.034189 0.950417
1341847998.272971 0.330458 -1.283930 0.466726 -0.079127 -0.302028 -0.033464 0.949420
1341847998.302971 0.330445 -1.284420 0.467184 -0.076878 -0.306082 -0.033231 0.948314
1341847998.332971 0.329881 -1.285010 0.467098 -0.074542 -0.309855 -0.032821 0.947289
1341847998.362971 0.329910 -1.285170 0.467532 -0.072099 -0.313767 -0.032280 0.946208
1341847998.392971 0.329895 -1.285430 0.467875 -0.069852 -0.317506 -0.032021 0.945138
1341847998.422971 0.330024 -1.286910 0.467885 -0.068101 -0.321027 -0.032150 0.944071
1341847998.452971 0.330183 -1.287540 0.468195 -0.065351 -0.324762 -0.031819 0.942998
1341847998.482971 0.330241 -1.287900 0.468320 -0.063045 -0.327828 -0.031511 0.942105
1341847998.512971 0.330326 -1.288300 0.468848 -0.061413 -0.331199 -0.031273 0.941041
1341847998.542971 0.330331 -1.289190 0.468954 -0.059465 -0.334199 -0.031314 0.940103
1341847998.572971 0.330988 -1.289650 0.469180 -0.057230 -0.337310 -0.031196 0.939134
1341847998.602971 0.330853 -1.289820 0.469036 -0.055434 -0.339969 -0.031437 0.938275
1341847998.632971 0.331041 -1.290370 0.469214 -0.053983 -0.342998 -0.031744 0.937246
1341847998.662971 0.330998 -1.291600 0.469126 -0.053051 -0.346115 -0.031753 0.936153
1341847998.692971 0.330886 -1.292570 0.469273 -0.051987 -0.349386 -0.031765 0.934996
1341847998.722971 0.330972 -1.293330 0.469255 -0.050550 -0.352524 -0.032072 0.933886
1341847998.752971 0.330845 -1.294400 0.469168 -0.048735 -0.355713 -0.032301 0.932765
1341847998.782971 0.330706 -1.295130 0.468919 -0.046177 -0.358819 -0.032601 0.931694
1341847998.812971 0.330621 -1.295640 0.468687 -0.044016 -0.362141 -0.032491 0.930516
1341847998.842971 0.330933 -1.295750 0.468744 -0.042522 -0.365977 -0.032437 0.929086
1341847998.872971 0.330751 -1.296380 0.468701 -0.041738 -0.369466 -0.032380 0.927742
1341847998.902971 0.330436 -1.296780 0.468663 -0.041044 -0.372701 -0.032245 0.926482
1341847998.932971 0.330026 -1.297220 0.468593 -0.040431 -0.375653 -0.031783 0.925333
1341847998.962970 0.330734 -1.298550 0.468611 -0.039813 -0.378545 -0.031480 0.924190
1341847998.992970 0.330568 -1.298640 0.468882 -0.038055 -0.381722 -0.031162 0.922968
1341847999.022970 0.330339 -1.299630 0.468704 -0.037040 -0.384928 -0.031302 0.921672
1341847999.052970 0.330258 -1.299820 0.469072 -0.035592 -0.388712 -0.031322 0.920139
1341847999.082970 0.329346 -1.298830 0.468899 -0.034511 -0.391816 -0.031315 0.918863
1341847999.112970 0.329271 -1.298970 0.468912 -0.034633 -0.395548 -0.033068 0.917196
1341847999.142970 0.329881 -1.300490 0.469176 -0.034185 -0.400571 -0.035322 0.914946
1341847999.172970 0.330199 -1.302250 0.469573 -0.032625 -0.405651 -0.036399 0.912720
1341847999.202970 0.329736 -1.302590 0.469456 -0.030637 -0.409542 -0.036109 0.911061
1341847999.232970 0.329181 -1.303280 0.469601 -0.028802 -0.413120 -0.036121 0.909504
1341847999.262970 0.328691 -1.303380 0.469933 -0.025883 -0.417209 -0.035114 0.907763
1341847999.292970 0.328528 -1.302730 0.470902 -0.023568 -0.421924 -0.034117 0.905682
1341847999.322970 0.327802 -1.302830 0.471107 -0.023022 -0.426174 -0.033630 0.903723
1341847999.352970 0.326698 -1.303440 0.471168 -0.023068 -0.429884 -0.033225 0.901978
1341847999.382970 0.325849 -1.303840 0.471148 -0.022774 -0.432918 -0.032591 0.900556
1341847999.412970 0.325379 -1.304690 0.471559 -0.022394 -0.436512 -0.031846 0.898856
1341847999.442970 0.323972 -1.304490 0.471349 -0.021488 -0.439272 -0.030721 0.897571
1341847999.472970 0.322733 -1.304140 0.471336 -0.021216 -0.442630 -0.030326 0.895940
1341847999.502970 0.321653 -1.304990 0.471474 -0.021121 -0.446524 -0.030983 0.893986
1341847999.532970 0.320182 -1.304610 0.471473 -0.019960 -0.449779 -0.030891 0.892382
1341847999.562970 0.318469 -1.303170 0.471938 -0.019273 -0.453166 -0.030629 0.890691
1341847999.592970 0.317409 -1.303550 0.471846 -0.020641 -0.456168 -0.030965 0.889115
1341847999.622970 0.315619 -1.304210 0.471483 -0.021397 -0.458884 -0.030578 0.887712
1341847999.652970 0.314013 -1.304210 0.471475 -0.021403 -0.462042 -0.029799 0.886099
1341847999.682970 0.312483 -1.303090 0.471530 -0.021360 -0.465553 -0.029223 0.884280
1341847999.712970 0.310544 -1.303240 0.470937 -0.022251 -0.468930 -0.029687 0.882456
1341847999.742970 0.308468 -1.303590 0.470209 -0.023204 -0.472243 -0.030226 0.880645
1341847999.772970 0.306740 -1.303430 0.470511 -0.023854 -0.476066 -0.030390 0.878560
1341847999.802970 0.304476 -1.303200 0.470087 -0.024691 -0.479397 -0.030386 0.876724
1341847999.832970 0.302766 -1.304260 0.469575 -0.025931 -0.482505 -0.030720 0.874970
1341847999.862970 0.300456 -1.304170 0.469510 -0.026036 -0.485515 -0.030435 0.873310
1341847999.892970 0.298032 -1.303780 0.468944 -0.026438 -0.488342 -0.030243 0.871727
1341847999.922970 0.295204 -1.303310 0.468343 -0.026929 -0.490870 -0.030174 0.870294
1341847999.952970 0.293156 -1.303850 0.468276 -0.027855 -0.493715 -0.030348 0.868647
1341847999.982970 0.290600 -1.303180 0.468080 -0.027872 -0.496039 -0.029907 0.867337
1341848000.012969 0.288081 -1.303410 0.467332 -0.028463 -0.498006 -0.030368 0.866174
1341848000.042969 0.285506 -1.304080 0.466681 -0.028674 -0.499843 -0.030713 0.865096
1341848000.072969 0.283019 -1.303610 0.466342 -0.027771 -0.501863 -0.030275 0.863971
1341848000.102969 0.280303 -1.303150 0.465554 -0.027746 -0.503498 -0.030215 0.863022
1341848000.132969 0.278140 -1.303770 0.464815 -0.028400 -0.505199 -0.030652 0.861990
1341848000.162969 0.275557 -1.304180 0.464460 -0.028403 -0.507098 -0.030274 0.860888
1341848000.192969 0.272894 -1.303690 0.463843 -0.027943 -0.508387 -0.029438 0.860172
1341848000.222969 0.270401 -1.303160 0.463380 -0.027892 -0.509566 -0.028619 0.859503
1341848000.252969 0.268045 -1.303040 0.463565 -0.028192 -0.511096 -0.027829 0.858611
1341848000.282969 0.265791 -1.303250 0.463417 -0.028426 -0.512142 -0.027453 0.857991
1341848000.312969 0.260107 -1.302450 0.461560 -0.027972 -0.511698 -0.026683 0.858295
1341848000.342969 0.257870 -1.303090 0.461220 -0.028177 -0.511919 -0.026893 0.858150
1341848000.372969 0.254955 -1.302630 0.460233 -0.027787 -0.511723 -0.026459 0.858293
1341848000.402969 0.252246 -1.302720 0.459152 -0.027656 -0.511419 -0.026634 0.858473
1341848000.432969 0.249686 -1.302930 0.458591 -0.027430 -0.512074 -0.026816 0.858084
1341848000.462969 0.247115 -1.302450 0.458485 -0.026766 -0.512991 -0.026974 0.857552
1341848000.492969 0.244545 -1.302920 0.457701 -0.026790 -0.513478 -0.027331 0.857249
1341848000.522969 0.241570 -1.303210 0.456401 -0.026344 -0.513270 -0.027556 0.857380
1341848000.552969 0.238866 -1.303060 0.455816 -0.025553 -0.513384 -0.027136 0.857349
1341848000.582969 0.236366 -1.303670 0.455332 -0.025659 -0.513258 -0.026520 0.857441
1341848000.612969 0.233947 -1.304830 0.454497 -0.025312 -0.512187 -0.025705 0.858116
1341848000.642969 0.231841 -1.306470 0.454319 -0.024335 -0.511591 -0.024782 0.858527
1341848000.672969 0.229295 -1.307060 0.453876 -0.022616 -0.511204 -0.023297 0.858846
1341848000.702969 0.226936 -1.307770 0.453813 -0.021114 -0.511428 -0.021984 0.858785
1341848000.732969 0.224519 -1.308430 0.453371 -0.020031 -0.511630 -0.020249 0.858734
1341848000.762969 0.222281 -1.309560 0.453451 -0.019126 -0.511925 -0.018246 0.858623
1341848000.792969 0.219924 -1.309950 0.453657 -0.017505 -0.512010 -0.015231 0.858666
1341848000.822969 0.217353 -1.309640 0.454087 -0.016301 -0.511793 -0.012569 0.858862
1341848000.852969 0.215119 -1.311000 0.454354 -0.015957 -0.511746 -0.011029 0.858918
1341848000.882969 0.212619 -1.311780 0.454568 -0.014019 -0.511741 -0.009168 0.858977
1341848000.912969 0.209888 -1.311050 0.454959 -0.011546 -0.511987 -0.007810 0.858880
1341848000.942969 0.207394 -1.311080 0.456098 -0.010528 -0.512820 -0.007743 0.858397
1341848000.972969 0.204895 -1.312440 0.456146 -0.010071 -0.513147 -0.007821 0.858206
1341848001.002969 0.202235 -1.312500 0.457335 -0.008820 -0.513877 -0.006801 0.857792
1341848001.032969 0.199572 -1.312820 0.458037 -0.007852 -0.514733 -0.006508 0.857290
1341848001.062968 0.197263 -1.313320 0.459232 -0.006564 -0.516554 -0.006597 0.856204
1341848001.092968 0.194483 -1.312900 0.460560 -0.005014 -0.518558 -0.007337 0.854996
1341848001.122968 0.191884 -1.313030 0.461804 -0.004584 -0.521119 -0.008963 0.853425
1341848001.152968 0.189361 -1.313350 0.463448 -0.004058 -0.524217 -0.010497 0.851511
1341848001.182968 0.186506 -1.313340 0.464710 -0.003217 -0.526598 -0.011792 0.850026
1341848001.212968 0.183759 -1.313490 0.466499 -0.002952 -0.528505 -0.013342 0.848820
1341848001.242968 0.181122 -1.315370 0.467581 -0.003144 -0.529072 -0.014467 0.848448
1341848001.272968 0.178513 -1.316240 0.469301 -0.001556 -0.529131 -0.013730 0.848428
1341848001.302968 0.175506 -1.316110 0.471307 0.000368 -0.528875 -0.012394 0.848609
1341848001.332968 0.172466 -1.316150 0.473298 0.002137 -0.528130 -0.011566 0.849082
1341848001.362968 0.169748 -1.316530 0.475491 0.003920 -0.527375 -0.010623 0.849557
1341848001.392968 0.166479 -1.315720 0.477828 0.006090 -0.526698 -0.009403 0.849979
1341848001.422968 0.163228 -1.314770 0.480253 0.006328 -0.526444 -0.008584 0.850143
1341848001.452968 0.160187 -1.314660 0.482795 0.005116 -0.526007 -0.008261 0.850424
1341848001.482968 0.157271 -1.315440 0.484764 0.003971 -0.525200 -0.007580 0.850936
1341848001.512968 0.154305 -1.315740 0.487059 0.003975 -0.524279 -0.006348 0.851513
1341848001.542968 0.151340 -1.316260 0.489033 0.004293 -0.523687 -0.005303 0.851884
1341848001.572968 0.148506 -1.316650 0.490702 0.005236 -0.523315 -0.004211 0.852113
1341848001.602968 0.142827 -1.315710 0.495626 0.006523 -0.523035 -0.003056 0.852281
1341848001.632968 0.140383 -1.316810 0.497321 0.006474 -0.521920 -0.003734 0.852962
1341848001.662968 0.135876 -1.317070 0.501448 0.009695 -0.520106 -0.002610 0.854043
1341848001.692968 0.133817 -1.317730 0.503530 0.010379 -0.519488 -0.002212 0.854412
1341848001.722968 0.131687 -1.318750 0.504853 0.011559 -0.518758 -0.001805 0.854841
1341848001.752968 0.129766 -1.319670 0.506410 0.013800 -0.518469 -0.001109 0.854984
1341848001.782968 0.127625 -1.319410 0.508437 0.017092 -0.518052 -0.000377 0.855179
1341848001.812968 0.125233 -1.319320 0.509950 0.019431 -0.517066 -0.000366 0.855725
1341848001.842968 0.123323 -1.320200 0.511346 0.021113 -0.515818 -0.000469 0.856438
1341848001.872968 0.121258 -1.320640 0.512756 0.023425 -0.514614 0.000494 0.857102
1341848001.902968 0.118863 -1.319830 0.514417 0.025638 -0.513971 0.001812 0.857422
1341848001.932968 0.116388 -1.319610 0.516033 0.025901 -0.513349 0.002231 0.857786
1341848001.962968 0.114226 -1.320650 0.516859 0.025680 -0.512474 0.001973 0.858316
1341848001.992968 0.111829 -1.321050 0.517562 0.027019 -0.511026 0.002357 0.859137
1341848002.022968 0.109268 -1.320410 0.518912 0.028412 -0.509682 0.002729 0.859889
1341848002.052968 0.106883 -1.321270 0.519280 0.028393 -0.507609 0.002452 0.861116
1341848002.082968 0.104558 -1.322100 0.519662 0.029047 -0.505326 0.003646 0.862432
1341848002.112967 0.101949 -1.321650 0.520496 0.030480 -0.503203 0.005679 0.863612
1341848002.142967 0.098937 -1.320650 0.521145 0.031126 -0.500775 0.007050 0.864989
1341848002.172967 0.096060 -1.320220 0.521415 0.030358 -0.497861 0.007178 0.866696
1341848002.202967 0.093231 -1.320520 0.521593 0.029206 -0.494473 0.007173 0.868673
1341848002.232967 0.090483 -1.320660 0.521586 0.028849 -0.491006 0.007004 0.870650
1341848002.262967 0.087588 -1.321030 0.521239 0.028877 -0.487553 0.007005 0.872588
1341848002.292967 0.084375 -1.321300 0.520600 0.029979 -0.483946 0.007596 0.874551
1341848002.322967 0.081046 -1.320040 0.520639 0.031827 -0.480354 0.008215 0.876458
1341848002.352967 0.077461 -1.319680 0.520019 0.031975 -0.476519 0.007345 0.878552
1341848002.382967 0.074063 -1.319510 0.519388 0.032341 -0.472895 0.006555 0.880500
1341848002.412967 0.070612 -1.319340 0.518529 0.032510 -0.469381 0.006334 0.882375
1341848002.442967 0.066916 -1.319350 0.517434 0.032704 -0.465757 0.006470 0.884284
1341848002.472967 0.063662 -1.319450 0.516707 0.033451 -0.462479 0.007100 0.885971
1341848002.502967 0.059657 -1.318480 0.515593 0.035160 -0.458562 0.007786 0.887932
1341848002.532967 0.055785 -1.317750 0.514573 0.035635 -0.454890 0.007057 0.889807
1341848002.562967 0.052259 -1.318380 0.513154 0.035652 -0.450776 0.005143 0.891910
1341848002.592967 0.048907 -1.318480 0.512024 0.037663 -0.446714 0.003980 0.893875
1341848002.622967 0.044928 -1.317930 0.510530 0.039794 -0.441963 0.003262 0.896144
1341848002.652967 0.041390 -1.317690 0.509327 0.041100 -0.437167 0.002485 0.898437
1341848002.682967 0.037925 -1.317320 0.508554 0.042276 -0.432483 0.001842 0.900649
1341848002.712967 0.034331 -1.317100 0.507342 0.043037 -0.427477 0.001231 0.903001
1341848002.742967 0.031181 -1.317240 0.506310 0.043197 -0.422807 0.000939 0.905189
1341848002.772967 0.028102 -1.317650 0.505031 0.043317 -0.418264 0.000970 0.907292
1341848002.802967 0.025169 -1.317700 0.504039 0.044185 -0.413654 0.001509 0.909360
1341848002.832967 0.022125 -1.317370 0.503072 0.045024 -0.408819 0.001872 0.911502
1341848002.862967 0.019453 -1.317940 0.501920 0.045138 -0.404087 0.001520 0.913605
1341848002.892967 0.016982 -1.318790 0.500714 0.046383 -0.399826 0.001738 0.915415
1341848002.922967 0.014716 -1.318940 0.499767 0.048819 -0.395640 0.003236 0.917102
1341848002.952967 0.011938 -1.318640 0.498817 0.050735 -0.391341 0.005022 0.918832
1341848002.982967 0.009599 -1.318490 0.498062 0.051889 -0.387552 0.006845 0.920361
1341848003.012967 0.007343 -1.318710 0.497172 0.052543 -0.383988 0.008406 0.921804
1341848003.042967 0.005012 -1.317940 0.496571 0.053550 -0.381194 0.010075 0.922888
1341848003.072967 0.002982 -1.317330 0.496293 0.052616 -0.379657 0.010677 0.923568
1341848003.102967 0.001370 -1.318390 0.495387 0.050945 -0.378421 0.010145 0.924175
1341848003.132967 -0.002583 -1.318170 0.493630 0.053413 -0.374645 0.013206 0.925534
1341848003.162966 -0.004736 -1.317740 0.492944 0.053492 -0.372546 0.014072 0.926364
1341848003.192966 -0.006427 -1.317740 0.492331 0.053089 -0.370888 0.014434 0.927047
1341848003.222966 -0.008381 -1.317170 0.491850 0.053020 -0.369269 0.014676 0.927693
1341848003.252966 -0.010372 -1.316670 0.491391 0.051983 -0.367291 0.014162 0.928544
1341848003.282966 -0.012186 -1.317070 0.490773 0.050815 -0.364426 0.012498 0.929761
1341848003.312966 -0.014258 -1.316780 0.490325 0.050858 -0.361073 0.011505 0.931078
1341848003.342966 -0.016027 -1.316830 0.489857 0.050334 -0.357335 0.010362 0.932562
1341848003.372966 -0.017631 -1.317770 0.489058 0.050194 -0.353133 0.009206 0.934180
1341848003.402966 -0.019449 -1.318590 0.488261 0.051865 -0.348445 0.009600 0.935844
1341848003.432966 -0.021415 -1.318410 0.488054 0.055086 -0.343183 0.010847 0.937589
1341848003.462966 -0.023859 -1.318050 0.487690 0.057932 -0.337323 0.011816 0.939530
1341848003.492966 -0.025992 -1.318340 0.487106 0.059970 -0.332035 0.011534 0.941288
1341848003.522966 -0.028024 -1.318680 0.486879 0.062518 -0.327127 0.010816 0.942848
1341848003.552966 -0.030530 -1.318590 0.486216 0.065584 -0.321526 0.009778 0.944576
1341848003.582966 -0.033146 -1.318360 0.486022 0.068240 -0.315662 0.008372 0.946378
1341848003.612966 -0.035642 -1.318700 0.485618 0.070685 -0.309831 0.006476 0.948139
1341848003.642966 -0.037908 -1.318840 0.485389 0.073876 -0.303984 0.005510 0.949792
1341848003.672966 -0.040552 -1.318140 0.485391 0.076913 -0.297855 0.005274 0.951493
1341848003.702966 -0.043302 -1.317670 0.485430 0.078534 -0.291991 0.004230 0.953182
1341848003.732966 -0.045466 -1.317950 0.485369 0.079793 -0.287016 0.002959 0.954592
1341848003.762966 -0.047677 -1.317430 0.485688 0.081625 -0.282689 0.002011 0.955730
1341848003.792966 -0.049790 -1.316900 0.486045 0.082489 -0.279321 0.000009 0.956648
1341848003.822966 -0.051680 -1.317630 0.486144 0.082497 -0.277074 -0.002926 0.957296
1341848003.852966 -0.053355 -1.317720 0.486420 0.084523 -0.275434 -0.005456 0.957581
1341848003.882966 -0.055626 -1.317160 0.486633 0.086122 -0.274724 -0.007532 0.957629
1341848003.912966 -0.057480 -1.317130 0.486845 0.086531 -0.274607 -0.008913 0.957614
1341848003.942966 -0.059044 -1.316790 0.487255 0.086802 -0.274976 -0.008806 0.957484
1341848003.972966 -0.060706 -1.316720 0.487485 0.085615 -0.276035 -0.008231 0.957291
1341848004.002966 -0.062227 -1.316870 0.487600 0.084706 -0.276992 -0.006633 0.957108
1341848004.032966 -0.063690 -1.315780 0.488387 0.084260 -0.278179 -0.004143 0.956817
1341848004.062966 -0.064869 -1.314990 0.489135 0.081512 -0.280144 -0.002701 0.956487
1341848004.092966 -0.065927 -1.314750 0.489425 0.077223 -0.282797 -0.001534 0.956065
1341848004.122966 -0.066858 -1.314640 0.489815 0.072926 -0.285924 0.000233 0.955473
1341848004.152966 -0.067789 -1.314300 0.490143 0.068779 -0.289117 0.002516 0.954816
1341848004.182966 -0.068565 -1.314300 0.490502 0.064693 -0.291115 0.004213 0.954489
1341848004.212965 -0.069241 -1.314540 0.490677 0.061567 -0.292702 0.004568 0.954209
1341848004.242965 -0.069885 -1.314810 0.490811 0.060220 -0.294282 0.004456 0.953809
1341848004.272965 -0.070837 -1.314030 0.491248 0.059944 -0.295563 0.004988 0.953428
1341848004.302965 -0.071696 -1.313390 0.491540 0.058249 -0.297157 0.004383 0.953040
1341848004.332965 -0.072513 -1.312920 0.491693 0.056233 -0.298234 0.003475 0.952829
1341848004.362965 -0.073522 -1.311850 0.492020 0.054090 -0.298995 0.003523 0.952714
1341848004.392965 -0.074365 -1.311070 0.492135 0.050009 -0.299540 0.002508 0.952769
1341848004.422965 -0.075329 -1.310850 0.492175 0.045650 -0.299824 0.000758 0.952901
1341848004.452965 -0.076400 -1.310350 0.492056 0.042786 -0.300255 -0.000492 0.952899
1341848004.482965 -0.077114 -1.309570 0.492153 0.040080 -0.301799 -0.001627 0.952527
1341848004.512965 -0.078037 -1.308570 0.492129 0.036453 -0.303684 -0.002633 0.952072
1341848004.542965 -0.078765 -1.308030 0.491766 0.032368 -0.305289 -0.003885 0.951702
1341848004.572965 -0.079420 -1.307170 0.491574 0.028043 -0.307053 -0.004353 0.951269
1341848004.602965 -0.080220 -1.306250 0.491262 0.021585 -0.309556 -0.004761 0.950624
1341848004.632965 -0.080334 -1.305960 0.491188 0.014358 -0.312576 -0.004948 0.949771
1341848004.662965 -0.080892 -1.305670 0.490870 0.008885 -0.314748 -0.004625 0.949122
1341848004.692965 -0.081467 -1.305430 0.490633 0.005319 -0.317283 -0.004674 0.948304
1341848004.722965 -0.082189 -1.305200 0.490129 0.003183 -0.320184 -0.004730 0.947338
1341848004.752965 -0.082949 -1.304980 0.489716 0.001128 -0.323653 -0.005223 0.946161
1341848004.782965 -0.083705 -1.304600 0.489334 -0.000374 -0.327433 -0.006061 0.944855
1341848004.812965 -0.084386 -1.304370 0.488683 -0.001957 -0.331325 -0.006624 0.943492
1341848004.842965 -0.084998 -1.304130 0.488245 -0.003811 -0.335043 -0.007333 0.942167
1341848004.872965 -0.085628 -1.304180 0.487608 -0.005429 -0.338965 -0.008021 0.940749
1341848004.902965 -0.086481 -1.304010 0.487059 -0.006137 -0.342397 -0.007703 0.939504
1341848004.932965 -0.087036 -1.303810 0.486508 -0.006784 -0.345947 -0.006846 0.938205
1341848004.962965 -0.087778 -1.303670 0.485909 -0.007826 -0.349290 -0.006360 0.936960
1341848004.992965 -0.088356 -1.303840 0.485131 -0.008967 -0.353087 -0.005983 0.935529
1341848005.022965 -0.089111 -1.303940 0.484362 -0.009327 -0.357106 -0.005359 0.934002
1341848005.052965 -0.089876 -1.304100 0.483494 -0.008981 -0.361621 -0.004673 0.932270
1341848005.082965 -0.090864 -1.303960 0.482724 -0.008348 -0.365939 -0.003824 0.930594
1341848005.112965 -0.091620 -1.304160 0.481735 -0.007118 -0.370131 -0.003309 0.928946
1341848005.142965 -0.092407 -1.304250 0.480765 -0.005124 -0.374355 -0.002383 0.927268
1341848005.172965 -0.093202 -1.304050 0.479998 -0.003040 -0.378659 -0.001609 0.925530
1341848005.202965 -0.093906 -1.304170 0.479033 -0.001018 -0.382910 -0.001274 0.923784
1341848005.232965 -0.094530 -1.304180 0.478132 0.001163 -0.386944 -0.000552 0.922102
1341848005.262964 -0.095109 -1.304260 0.477058 0.003132 -0.391008 0.000049 0.920382
1341848005.292964 -0.095319 -1.304490 0.476146 0.005266 -0.395267 0.000897 0.918551
1341848005.322964 -0.095490 -1.304570 0.475448 0.007455 -0.399230 0.002028 0.916818
1341848005.352964 -0.095425 -1.305110 0.474503 0.009620 -0.403100 0.002214 0.915102
1341848005.382964 -0.095728 -1.305440 0.473292 0.012594 -0.406643 0.002877 0.913496
1341848005.412964 -0.095638 -1.305950 0.472356 0.015344 -0.410268 0.003742 0.911828
1341848005.442964 -0.095610 -1.306280 0.471417 0.018327 -0.413341 0.005189 0.910377
1341848005.472964 -0.095425 -1.306310 0.470772 0.021275 -0.416700 0.006814 0.908769
1341848005.502964 -0.095213 -1.306700 0.469947 0.023622 -0.419743 0.008382 0.907297
1341848005.532964 -0.094746 -1.307220 0.469326 0.026310 -0.422360 0.009890 0.905992
1341848005.562964 -0.094290 -1.307120 0.468786 0.029078 -0.425067 0.011957 0.904616
1341848005.592964 -0.094058 -1.307190 0.467592 0.030812 -0.427042 0.013223 0.903610
1341848005.622964 -0.092662 -1.307110 0.466411 0.033002 -0.432322 0.015945 0.900974
1341848005.652964 -0.092435 -1.307310 0.465248 0.033478 -0.434346 0.016530 0.899972
1341848005.682964 -0.091596 -1.307550 0.464471 0.034332 -0.437626 0.017483 0.898331
1341848005.712964 -0.090894 -1.307340 0.463582 0.035278 -0.441188 0.018753 0.896525
1341848005.742964 -0.090418 -1.307280 0.462460 0.035483 -0.444800 0.019188 0.894721
1341848005.772964 -0.089442 -1.307680 0.461520 0.035706 -0.449009 0.019699 0.892596
1341848005.802964 -0.088448 -1.307980 0.460664 0.036388 -0.452943 0.021086 0.890547
1341848005.832964 -0.087475 -1.308010 0.459978 0.037071 -0.456338 0.023191 0.888731
1341848005.862964 -0.086317 -1.308160 0.459541 0.037368 -0.459413 0.025406 0.887072
1341848005.892964 -0.085178 -1.308920 0.458688 0.037804 -0.461929 0.027143 0.885695
1341848005.922964 -0.083876 -1.309900 0.457418 0.039092 -0.464376 0.029602 0.884280
1341848005.952964 -0.082660 -1.310330 0.456674 0.041527 -0.467309 0.032767 0.882510
1341848005.982964 -0.081494 -1.310360 0.455941 0.043442 -0.470737 0.035401 0.880492
1341848006.012964 -0.080224 -1.310880 0.454898 0.044673 -0.474445 0.036942 0.878375
1341848006.042964 -0.078810 -1.311040 0.454709 0.046544 -0.478776 0.038811 0.875843
1341848006.072964 -0.077643 -1.310790 0.454042 0.048250 -0.482998 0.040527 0.873351
1341848006.102964 -0.076568 -1.310690 0.453029 0.049174 -0.487246 0.041362 0.870897
1341848006.132964 -0.075243 -1.310620 0.452471 0.049333 -0.492384 0.041519 0.867987
1341848006.162964 -0.074062 -1.310410 0.451955 0.049184 -0.497918 0.041339 0.864841
1341848006.192964 -0.072865 -1.310480 0.450741 0.048584 -0.503780 0.040588 0.861509
1341848006.222964 -0.071494 -1.310660 0.450572 0.047577 -0.510795 0.040312 0.857438
1341848006.252964 -0.069728 -1.310820 0.450869 0.046536 -0.517996 0.040957 0.853133
1341848006.282964 -0.068361 -1.311210 0.450431 0.045591 -0.524226 0.042139 0.849313
1341848006.312963 -0.067101 -1.311790 0.449494 0.044808 -0.529896 0.043285 0.845771
1341848006.342963 -0.065777 -1.313130 0.448187 0.044258 -0.535291 0.044448 0.842335
1341848006.372963 -0.064622 -1.313990 0.446503 0.045595 -0.539856 0.046743 0.839221
1341848006.402963 -0.063602 -1.313890 0.445476 0.047441 -0.544141 0.049294 0.836200
1341848006.432963 -0.062344 -1.314510 0.444123 0.048203 -0.548313 0.049872 0.833392
1341848006.462963 -0.060982 -1.315000 0.442453 0.049416 -0.552451 0.050284 0.830558
1341848006.492963 -0.059624 -1.314830 0.441113 0.050325 -0.556676 0.050996 0.827634
1341848006.522963 -0.058203 -1.315050 0.439618 0.050105 -0.560491 0.050975 0.825070
1341848006.552963 -0.056774 -1.315210 0.437815 0.049939 -0.563546 0.050835 0.823005
1341848006.582963 -0.055299 -1.314930 0.436237 0.050009 -0.566402 0.050826 0.821039
1341848006.612963 -0.053444 -1.314680 0.434209 0.049469 -0.569251 0.050186 0.819138
1341848006.642963 -0.051599 -1.315050 0.432013 0.048452 -0.571986 0.048865 0.817372
1341848006.672963 -0.049552 -1.315350 0.429635 0.048360 -0.575157 0.048490 0.815172
1341848006.702963 -0.047437 -1.314790 0.427850 0.048766 -0.578145 0.048899 0.813006
1341848006.732963 -0.045204 -1.314290 0.425746 0.047804 -0.580786 0.048251 0.811218
1341848006.762963 -0.042934 -1.313570 0.423611 0.046485 -0.583259 0.047577 0.809558
1341848006.792963 -0.040390 -1.313160 0.421126 0.044327 -0.585587 0.046311 0.808071
1341848006.822963 -0.037696 -1.313760 0.418593 0.042109 -0.587847 0.044808 0.806632
1341848006.852963 -0.034832 -1.314270 0.415691 0.042050 -0.589933 0.044674 0.805118
1341848006.882963 -0.032160 -1.312950 0.413426 0.043620 -0.591662 0.045347 0.803727
1341848006.912963 -0.029411 -1.311690 0.411261 0.042945 -0.593227 0.043802 0.802694
1341848006.942963 -0.026478 -1.311360 0.408982 0.040695 -0.594558 0.041127 0.801969
1341848006.972963 -0.023520 -1.311090 0.406670 0.038457 -0.595556 0.039288 0.801431
1341848007.002963 -0.020550 -1.310460 0.404327 0.036535 -0.596646 0.038034 0.800770
1341848007.032963 -0.017434 -1.310670 0.401925 0.034099 -0.597991 0.037203 0.799912
1341848007.062963 -0.014425 -1.310100 0.399921 0.032657 -0.599817 0.037933 0.798570
1341848007.092963 -0.011508 -1.309150 0.397412 0.030037 -0.601738 0.037782 0.797234
1341848007.122963 -0.008459 -1.309290 0.395265 0.026420 -0.604027 0.036467 0.795690
1341848007.152963 -0.005473 -1.309340 0.392789 0.024477 -0.606067 0.036376 0.794204
1341848007.182963 -0.002349 -1.309200 0.390469 0.023488 -0.608475 0.036846 0.792369
1341848007.212963 0.000407 -1.308280 0.388532 0.022721 -0.611186 0.037639 0.790265
1341848007.242963 0.003278 -1.307810 0.386609 0.021626 -0.613895 0.037822 0.788185
1341848007.272963 0.006263 -1.307880 0.384419 0.020848 -0.616506 0.038070 0.786153
1341848007.302963 0.009142 -1.307830 0.382488 0.020536 -0.619489 0.038170 0.783808
1341848007.332963 0.011943 -1.307790 0.380586 0.020745 -0.622997 0.038069 0.781022
1341848007.362962 0.014557 -1.307270 0.378796 0.021711 -0.627124 0.038152 0.777681
1341848007.392962 0.017101 -1.306660 0.376967 0.022268 -0.631862 0.037740 0.773841
1341848007.422962 0.019654 -1.305870 0.375251 0.022464 -0.637152 0.036877 0.769528
1341848007.452962 0.022162 -1.305420 0.373615 0.022596 -0.642781 0.035293 0.764903
1341848007.482962 0.024691 -1.304940 0.372087 0.022457 -0.648671 0.033457 0.760001
1341848007.512962 0.027168 -1.304440 0.370643 0.022133 -0.654468 0.031571 0.755106
1341848007.542962 0.029645 -1.304080 0.369289 0.021567 -0.659723 0.030177 0.750593
1341848007.572962 0.032085 -1.303950 0.367864 0.021168 -0.664598 0.029037 0.746337
1341848007.602962 0.034442 -1.303450 0.366779 0.020917 -0.669424 0.028774 0.742028
1341848007.632962 0.036878 -1.302770 0.365642 0.020490 -0.674480 0.028072 0.737474
1341848007.662962 0.039475 -1.302590 0.364822 0.019844 -0.679979 0.026370 0.732489
1341848007.692962 0.042011 -1.302920 0.364176 0.019953 -0.685498 0.024543 0.727387
1341848007.722962 0.044377 -1.302740 0.364053 0.020953 -0.690390 0.024355 0.722723
1341848007.752962 0.046741 -1.302410 0.363802 0.021067 -0.694992 0.024333 0.718297
1341848007.782962 0.049302 -1.302500 0.363344 0.020832 -0.699272 0.024258 0.714140
1341848007.812962 0.051769 -1.302430 0.363232 0.020617 -0.703208 0.024749 0.710254
1341848007.842962 0.054219 -1.301990 0.362562 0.020090 -0.707151 0.025032 0.706334
1341848007.872962 0.056851 -1.302000 0.362435 0.019023 -0.711355 0.025016 0.702130
1341848007.902962 0.059491 -1.302260 0.362749 0.017965 -0.715490 0.024846 0.697950
1341848007.932962 0.062159 -1.302420 0.363161 0.017733 -0.719478 0.025125 0.693834
1341848007.962962 0.064790 -1.302400 0.363096 0.017713 -0.723032 0.025712 0.690108
1341848007.992962 0.067402 -1.302170 0.363031 0.017529 -0.726046 0.025726 0.686941
1341848008.022962 0.070071 -1.302470 0.363339 0.017009 -0.729031 0.025202 0.683805
1341848008.052962 0.072579 -1.302260 0.363188 0.017093 -0.731806 0.025287 0.680829
1341848008.082962 0.075032 -1.301950 0.362983 0.016677 -0.734534 0.025258 0.677897
1341848008.112962 0.077689 -1.302140 0.362900 0.015646 -0.737236 0.024780 0.675000
1341848008.142962 0.080144 -1.302350 0.363260 0.014720 -0.740054 0.024352 0.671945
1341848008.172962 0.082528 -1.302480 0.363204 0.014333 -0.742658 0.023859 0.669092
1341848008.202962 0.084966 -1.303150 0.363371 0.014269 -0.745255 0.023598 0.666209
1341848008.232962 0.087204 -1.303190 0.363124 0.014711 -0.747363 0.023953 0.663821
1341848008.262962 0.089262 -1.302920 0.362894 0.014772 -0.749396 0.023721 0.661532
1341848008.292962 0.091316 -1.303120 0.362852 0.014353 -0.751434 0.022765 0.659259
1341848008.322962 0.093108 -1.302930 0.362651 0.014208 -0.753271 0.021820 0.657195
1341848008.352962 0.094735 -1.302410 0.362157 0.013676 -0.754798 0.020379 0.655498
1341848008.382962 0.096312 -1.302290 0.361935 0.012768 -0.756322 0.018023 0.653827
1341848008.412961 0.097782 -1.302550 0.362054 0.011485 -0.757760 0.015725 0.652243
1341848008.442961 0.099324 -1.302770 0.361847 0.010777 -0.758760 0.014266 0.651124
1341848008.472961 0.100601 -1.302490 0.361777 0.010542 -0.759971 0.013890 0.649723
1341848008.502961 0.101756 -1.302350 0.361741 0.009947 -0.761469 0.013122 0.647992
1341848008.532961 0.102787 -1.301570 0.361068 0.008838 -0.762700 0.012287 0.646576
1341848008.562961 0.103773 -1.301380 0.360739 0.007219 -0.764045 0.010664 0.645035
1341848008.592961 0.104606 -1.301160 0.360460 0.005576 -0.765246 0.009584 0.643643
1341848008.622961 0.105410 -1.300830 0.360154 0.004132 -0.765937 0.008661 0.642844
1341848008.652961 0.106065 -1.300640 0.360069 0.002978 -0.766375 0.007594 0.642342
1341848008.682961 0.106748 -1.300210 0.359621 0.001854 -0.766421 0.006524 0.642303
1341848008.712961 0.107262 -1.299500 0.359125 0.000553 -0.766556 0.005115 0.642156
1341848008.742961 0.107655 -1.299120 0.358996 -0.001193 -0.766528 0.002872 0.642204
1341848008.772961 0.108062 -1.298980 0.358928 -0.002611 -0.766445 0.001135 0.642304
1341848008.802961 0.108351 -1.298990 0.358906 -0.003624 -0.766479 -0.000119 0.642259
1341848008.832961 0.108608 -1.299010 0.358926 -0.004631 -0.766504 -0.001213 0.642222
1341848008.862961 0.108605 -1.298790 0.359182 -0.005297 -0.766478 -0.001802 0.642247
1341848008.892961 0.108612 -1.298490 0.359272 -0.005997 -0.766093 -0.002118 0.642699
1341848008.922961 0.108670 -1.297960 0.359157 -0.006918 -0.765452 -0.002716 0.643450
1341848008.952961 0.108552 -1.297480 0.359221 -0.008009 -0.764785 -0.003725 0.644226
1341848008.982961 0.108457 -1.297260 0.359447 -0.009468 -0.764383 -0.004956 0.644674
1341848009.012961 0.108324 -1.296770 0.359592 -0.010772 -0.764041 -0.005893 0.645051
1341848009.042961 0.108168 -1.296480 0.359787 -0.012040 -0.763727 -0.007217 0.645387
1341848009.072961 0.108155 -1.296330 0.359856 -0.013320 -0.763332 -0.008442 0.645814
1341848009.102961 0.108008 -1.296040 0.359832 -0.014310 -0.762784 -0.009437 0.646427
1341848009.132961 0.107900 -1.295840 0.359893 -0.015515 -0.762130 -0.010555 0.647152
1341848009.162961 0.107692 -1.295550 0.360101 -0.016634 -0.761556 -0.011881 0.647776
1341848009.192961 0.107440 -1.295140 0.360304 -0.017442 -0.761220 -0.012726 0.648135
1341848009.222961 0.107235 -1.294870 0.360420 -0.018107 -0.761074 -0.013460 0.648273
1341848009.252961 0.107093 -1.294630 0.360283 -0.019387 -0.760756 -0.014507 0.648586
1341848009.282961 0.106741 -1.294370 0.360637 -0.020101 -0.760560 -0.015314 0.648776
1341848009.312961 0.106496 -1.294010 0.360690 -0.020373 -0.760249 -0.015823 0.649119
1341848009.342961 0.106335 -1.294000 0.360704 -0.020860 -0.759948 -0.016983 0.649427
1341848009.372961 0.106020 -1.293620 0.360964 -0.021002 -0.759634 -0.017928 0.649765
1341848009.402961 0.105896 -1.293760 0.361169 -0.021284 -0.759325 -0.018922 0.650088
1341848009.432961 0.105731 -1.293530 0.361185 -0.020913 -0.758865 -0.019937 0.650607
1341848009.462960 0.105457 -1.293530 0.361416 -0.020597 -0.758619 -0.021097 0.650867
1341848009.492960 0.105291 -1.293390 0.361389 -0.020145 -0.758164 -0.021739 0.651390
1341848009.522960 0.104989 -1.293260 0.361565 -0.019677 -0.757889 -0.022447 0.651700
1341848009.552960 0.104728 -1.293160 0.361742 -0.019297 -0.757480 -0.023431 0.652153
1341848009.582960 0.104458 -1.293300 0.361888 -0.019019 -0.756991 -0.024517 0.652688
1341848009.612960 0.104132 -1.293090 0.361990 -0.018785 -0.756470 -0.025413 0.653264
1341848009.642960 0.103857 -1.293010 0.362044 -0.019004 -0.755777 -0.026283 0.654026
1341848009.672960 0.103594 -1.293030 0.362208 -0.019365 -0.755113 -0.026959 0.654754
1341848009.702960 0.103302 -1.293000 0.362370 -0.019200 -0.754367 -0.027279 0.655605
