1341847980.722988 0.365879 -4.500000 -0.300000 -0.000000 0.000000 0.000000 1.000000
1341847980.752988 0.365878 -4.498700 -0.299550 -0.001595 -0.000709 -0.000298 0.999998
1341847980.782988 0.365729 -4.507520 -0.301807 -0.002832 -0.000880 -0.000021 0.999996
1341847980.812988 0.366238 -4.505200 -0.301677 -0.000638 -0.001118 -0.000122 0.999999
1341847980.842988 0.365607 -4.503860 -0.301294 -0.000210 -0.000479 0.000098 1.000000
1341847980.872988 0.366062 -4.507420 -0.302130 -0.000351 -0.000011 0.000475 1.000000
1341847980.902988 0.365705 -4.508060 -0.302365 0.000805 0.000254 0.000770 0.999999
1341847980.932988 0.365190 -4.503700 -0.301288 0.002051 0.000385 0.000467 0.999998
1341847980.962988 0.365860 -4.503680 -0.301057 0.001217 0.000157 0.000392 0.999999
1341847980.992988 0.366016 -4.506110 -0.301439 0.000743 0.000156 0.000542 1.000000
1341847981.022988 0.365613 -4.504120 -0.300977 0.001497 0.000206 0.000467 0.999999
1341847981.052988 0.365595 -4.501320 -0.300280 0.001214 0.000247 0.000329 0.999999
1341847981.082988 0.365508 -4.499810 -0.299335 0.000120 0.000374 0.000120 1.000000
1341847981.112988 0.366081 -4.499670 -0.299038 -0.000928 0.000168 -0.000313 1.000000
1341847981.142987 0.366031 -4.499430 -0.298814 -0.001621 -0.000181 -0.000768 0.999998
1341847981.172987 0.367058 -4.499620 -0.298940 -0.002322 -0.000569 -0.000967 0.999997
1341847981.202987 0.366671 -4.500050 -0.298811 -0.002554 -0.000663 -0.001119 0.999996
1341847981.232987 0.366625 -4.502280 -0.299430 -0.002889 -0.000954 -0.000920 0.999995
1341847981.262987 0.366379 -4.501970 -0.299579 -0.002328 -0.001017 -0.000298 0.999997
1341847981.292987 0.365851 -4.502810 -0.299903 -0.002016 -0.000892 0.000465 0.999997
1341847981.322987 0.365528 -4.503040 -0.300360 -0.001282 -0.000606 0.001265 0.999998
1341847981.352987 0.365864 -4.502470 -0.300092 -0.000709 -0.000449 0.001735 0.999998
1341847981.382987 0.364862 -4.502960 -0.300284 -0.000482 -0.000379 0.002157 0.999997
1341847981.412987 0.364922 -4.502470 -0.300261 0.000039 -0.000542 0.002343 0.999997
1341847981.442987 0.363976 -4.502340 -0.300286 0.000153 -0.000621 0.002440 0.999997
1341847981.472987 0.364490 -4.501510 -0.300140 0.000185 -0.001098 0.002567 0.999996
1341847981.502987 0.363707 -4.501710 -0.300204 -0.000128 -0.001070 0.002729 0.999996
1341847981.532987 0.363348 -4.502010 -0.300083 -0.000313 -0.001022 0.003049 0.999995
1341847981.562987 0.362143 -4.501020 -0.299827 -0.000024 -0.000785 0.003252 0.999994
1341847981.592987 0.362878 -4.499760 -0.300011 -0.000041 -0.000847 0.003532 0.999993
1341847981.622987 0.362261 -4.500570 -0.300020 -0.000504 -0.000698 0.003839 0.999992
1341847981.652987 0.361467 -4.501830 -0.300069 -0.000614 -0.000562 0.003995 0.999992
1341847981.682987 0.360647 -4.501240 -0.299595 0.000315 -0.000577 0.004447 0.999990
1341847981.712987 0.359213 -4.502270 -0.299317 0.000042 -0.000500 0.004811 0.999988
1341847981.742987 0.358167 -4.505040 -0.299894 0.000066 -0.000229 0.005086 0.999987
1341847981.772987 0.356969 -4.505520 -0.299974 0.000787 0.000340 0.005268 0.999986
1341847981.802987 0.356546 -4.503930 -0.299407 0.001295 0.001288 0.005283 0.999984
1341847981.832987 0.356000 -4.505770 -0.299269 0.001008 0.002289 0.005186 0.999983
1341847981.862987 0.354095 -4.510810 -0.300123 0.001225 0.003528 0.004835 0.999981
1341847981.892987 0.353203 -4.509390 -0.298967 0.003350 0.004282 0.003951 0.999977
1341847981.922987 0.352017 -4.505390 -0.296954 0.004438 0.004530 0.002866 0.999976
1341847981.952987 0.350167 -4.506330 -0.295812 0.003627 0.004848 0.001987 0.999980
1341847981.982987 0.349487 -4.506700 -0.294054 0.003514 0.005107 0.001418 0.999980
1341847982.012987 0.348018 -4.505330 -0.292097 0.003412 0.005534 0.001088 0.999978
1341847982.042987 0.347069 -4.506760 -0.290284 0.002460 0.006390 0.001459 0.999975
1341847982.072987 0.346171 -4.510170 -0.288354 0.002052 0.007292 0.002481 0.999968
1341847982.102987 0.345991 -4.511080 -0.285483 0.002980 0.008409 0.003685 0.999953
1341847982.132987 0.344869 -4.510780 -0.280918 0.003869 0.009525 0.005079 0.999934
1341847982.162987 0.345063 -4.514990 -0.277291 0.004101 0.009958 0.006893 0.999918
1341847982.192986 0.345181 -4.516200 -0.272301 0.005910 0.010381 0.008827 0.999890
1341847982.222986 0.345343 -4.514970 -0.266256 0.007596 0.010815 0.010488 0.999858
1341847982.252986 0.347166 -4.514750 -0.260016 0.008180 0.010697 0.012082 0.999836
1341847982.282986 0.348430 -4.518260 -0.254390 0.008438 0.010405 0.013316 0.999822
1341847982.312986 0.351567 -4.520010 -0.248428 0.009823 0.010167 0.014614 0.999793
1341847982.342986 0.352704 -4.518520 -0.240378 0.011412 0.009962 0.015420 0.999766
1341847982.372986 0.354361 -4.517090 -0.232195 0.012007 0.008751 0.016052 0.999761
1341847982.402986 0.357975 -4.516700 -0.224232 0.011941 0.006830 0.017102 0.999759
1341847982.432986 0.360125 -4.512600 -0.215120 0.011947 0.005484 0.018432 0.999744
1341847982.462986 0.364293 -4.512710 -0.206365 0.010090 0.003866 0.020061 0.999740
1341847982.492986 0.367264 -4.516120 -0.198173 0.008542 0.002539 0.022602 0.999705
1341847982.522986 0.371374 -4.515220 -0.188590 0.008519 0.001214 0.025123 0.999647
1341847982.552986 0.375527 -4.514530 -0.179021 0.008095 -0.000308 0.027714 0.999583
1341847982.582986 0.380067 -4.515720 -0.169982 0.007566 -0.002353 0.030110 0.999515
1341847982.612986 0.385190 -4.513730 -0.159643 0.007617 -0.004737 0.032324 0.999437
1341847982.642986 0.389054 -4.513950 -0.150125 0.007284 -0.007224 0.035190 0.999328
1341847982.672986 0.394785 -4.516190 -0.141449 0.007578 -0.009685 0.038593 0.999179
1341847982.702986 0.401577 -4.510390 -0.130843 0.008932 -0.012243 0.041854 0.999009
1341847982.732986 0.402604 -4.508600 -0.121517 0.007074 -0.014093 0.045712 0.998830
1341847982.762986 0.408465 -4.510440 -0.112432 0.005229 -0.016937 0.048832 0.998650
1341847982.792986 0.413274 -4.511960 -0.104001 0.004866 -0.019667 0.051472 0.998469
1341847982.822986 0.417290 -4.508760 -0.094067 0.005375 -0.022693 0.053295 0.998306
1341847982.852986 0.422063 -4.508890 -0.085072 0.004754 -0.025913 0.054684 0.998156
1341847982.882986 0.426319 -4.509860 -0.076720 0.005032 -0.028770 0.056031 0.998002
1341847982.912986 0.431055 -4.506230 -0.067248 0.005853 -0.032145 0.057778 0.997795
1341847982.942986 0.435383 -4.504270 -0.058268 0.004859 -0.035647 0.060075 0.997545
1341847982.972986 0.440128 -4.507430 -0.050569 0.003355 -0.039375 0.063231 0.997216
1341847983.002986 0.443604 -4.510290 -0.043182 0.003817 -0.042794 0.066358 0.996870
1341847983.032986 0.448413 -4.507040 -0.033836 0.005370 -0.046362 0.070004 0.996454
1341847983.062986 0.451001 -4.505400 -0.024819 0.005233 -0.049087 0.073478 0.996074
1341847983.092986 0.454403 -4.508020 -0.017049 0.004507 -0.052511 0.076621 0.995666
1341847983.122986 0.458583 -4.507880 -0.008399 0.005329 -0.056927 0.079975 0.995156
1341847983.152986 0.460188 -4.507720 0.000159 0.005963 -0.060846 0.083520 0.994629
1341847983.182986 0.463614 -4.509750 0.008546 0.006501 -0.065241 0.087235 0.994028
1341847983.212986 0.465947 -4.509530 0.017221 0.008471 -0.069194 0.090331 0.993469
1341847983.242985 0.467748 -4.507370 0.026503 0.010270 -0.073307 0.093106 0.992901
1341847983.272985 0.470239 -4.506980 0.035287 0.010815 -0.077787 0.095835 0.992294
1341847983.302985 0.472915 -4.505910 0.044922 0.011070 -0.082258 0.098680 0.991652
1341847983.332985 0.475316 -4.506050 0.054323 0.010860 -0.086376 0.101681 0.991001
1341847983.362985 0.477831 -4.505010 0.064053 0.011005 -0.089935 0.104641 0.990374
1341847983.392985 0.479205 -4.503920 0.073928 0.010595 -0.093201 0.107933 0.989723
1341847983.422985 0.483032 -4.504700 0.084118 0.009591 -0.096883 0.111485 0.988986
1341847983.452985 0.484654 -4.504430 0.094715 0.009666 -0.099919 0.114567 0.988330
1341847983.482985 0.486011 -4.505210 0.104651 0.009845 -0.103339 0.116575 0.987742
1341847983.512985 0.488486 -4.503670 0.115270 0.010884 -0.107289 0.118095 0.987129
1341847983.542985 0.491083 -4.503490 0.125657 0.011362 -0.111600 0.119847 0.986435
1341847983.572985 0.493903 -4.502030 0.136588 0.012525 -0.116515 0.122202 0.985563
1341847983.602985 0.495496 -4.496210 0.148450 0.013401 -0.121373 0.125736 0.984520
1341847983.632985 0.497338 -4.495540 0.159043 0.011912 -0.125520 0.129316 0.983555
1341847983.662985 0.500536 -4.494380 0.169854 0.011366 -0.129705 0.133005 0.982526
1341847983.692985 0.500971 -4.487970 0.181526 0.011221 -0.133806 0.136568 0.981488
1341847983.722985 0.502574 -4.485090 0.192687 0.008776 -0.138070 0.139398 0.980524
1341847983.752985 0.504621 -4.485150 0.202649 0.006372 -0.142235 0.141685 0.979619
1341847983.782985 0.505470 -4.480220 0.213745 0.004858 -0.146786 0.143990 0.978620
1341847983.812985 0.508036 -4.479130 0.224284 0.001767 -0.151801 0.146164 0.977543
1341847983.842985 0.509308 -4.477840 0.233422 -0.000505 -0.155892 0.148323 0.976575
1341847983.872985 0.509527 -4.474610 0.242712 -0.002714 -0.159704 0.150126 0.975679
1341847983.902985 0.511335 -4.475980 0.251111 -0.005298 -0.163712 0.151536 0.974786
1341847983.932985 0.511545 -4.472180 0.260172 -0.006209 -0.167713 0.153299 0.973824
1341847983.962985 0.512003 -4.468540 0.269014 -0.007985 -0.172079 0.154913 0.972793
1341847983.992985 0.513043 -4.466760 0.277609 -0.010731 -0.177279 0.155424 0.971751
1341847984.022985 0.514460 -4.465430 0.286266 -0.013172 -0.183441 0.155546 0.970557
1341847984.052985 0.515748 -4.464100 0.294520 -0.015313 -0.189678 0.155671 0.969306
1341847984.082985 0.514420 -4.461120 0.302701 -0.017101 -0.195604 0.156222 0.968009
1341847984.112985 0.515341 -4.461020 0.311116 -0.019541 -0.201771 0.156724 0.966615
1341847984.142985 0.516324 -4.460570 0.319231 -0.021291 -0.207725 0.157606 0.965172
1341847984.172985 0.515574 -4.457620 0.327891 -0.022618 -0.213157 0.158972 0.963732
1341847984.202985 0.516023 -4.457850 0.336294 -0.024353 -0.218662 0.159698 0.962336
1341847984.232985 0.515883 -4.456540 0.345490 -0.025425 -0.225194 0.160488 0.960669
1341847984.262985 0.517173 -4.455370 0.355661 -0.027171 -0.232415 0.160924 0.958827
1341847984.292984 0.517240 -4.455450 0.365149 -0.028980 -0.238607 0.161909 0.957085
1341847984.322984 0.517614 -4.454080 0.375481 -0.029987 -0.245060 0.163409 0.955167
1341847984.352984 0.517337 -4.452980 0.385950 -0.031688 -0.251784 0.165465 0.953007
1341847984.382984 0.517250 -4.451600 0.396616 -0.032906 -0.258285 0.166881 0.950977
1341847984.412984 0.517042 -4.449770 0.406966 -0.034074 -0.264527 0.167886 0.949041
1341847984.442984 0.517604 -4.447850 0.418113 -0.035455 -0.271240 0.168871 0.946918
1341847984.472984 0.518070 -4.447130 0.428806 -0.037141 -0.277721 0.170306 0.944716
1341847984.502984 0.519266 -4.445880 0.439815 -0.038062 -0.283741 0.172230 0.942539
1341847984.532984 0.520368 -4.443270 0.450477 -0.039032 -0.289686 0.174530 0.940265
1341847984.562984 0.521716 -4.442310 0.460956 -0.040652 -0.295595 0.175857 0.938107
1341847984.592984 0.523324 -4.443890 0.470108 -0.041125 -0.301058 0.177359 0.936064
1341847984.622984 0.524870 -4.442400 0.479562 -0.040123 -0.306795 0.178917 0.933946
1341847984.652984 0.525509 -4.439960 0.489463 -0.039573 -0.313006 0.179821 0.931733
1341847984.682984 0.527273 -4.441060 0.498313 -0.039880 -0.319172 0.181442 0.929310
1341847984.712984 0.528729 -4.437990 0.508500 -0.039413 -0.325440 0.183929 0.926664
1341847984.742984 0.529906 -4.438350 0.516408 -0.040572 -0.331633 0.185789 0.924043
1341847984.772984 0.531719 -4.440010 0.524411 -0.041017 -0.338416 0.187752 0.921163
1341847984.802984 0.533668 -4.440090 0.533100 -0.040291 -0.345457 0.189421 0.918235
1341847984.832984 0.534694 -4.439160 0.541083 -0.039396 -0.351949 0.190160 0.915652
1341847984.862984 0.535414 -4.439230 0.549033 -0.039336 -0.359227 0.189962 0.912865
1341847984.892984 0.535739 -4.440150 0.557074 -0.039574 -0.367294 0.189899 0.909652
1341847984.922984 0.534715 -4.440800 0.571663 -0.037242 -0.382481 0.190254 0.903396
1341847984.952984 0.533788 -4.442000 0.578932 -0.036762 -0.390504 0.189490 0.900138
1341847984.982984 0.532665 -4.443120 0.585758 -0.035544 -0.398376 0.188802 0.896876
1341847985.012984 0.530580 -4.442560 0.592703 -0.034217 -0.405764 0.188223 0.893732
1341847985.042984 0.528033 -4.442190 0.598965 -0.033745 -0.412666 0.187856 0.890662
1341847985.072984 0.525448 -4.441180 0.605625 -0.034313 -0.420048 0.187100 0.887342
1341847985.102984 0.522588 -4.443850 0.611217 -0.035776 -0.427328 0.186785 0.883868
1341847985.132984 0.519205 -4.445800 0.616357 -0.035651 -0.433938 0.187381 0.880520
1341847985.162984 0.515544 -4.445690 0.622577 -0.034952 -0.440812 0.187965 0.877002
1341847985.192984 0.511931 -4.446120 0.629540 -0.034601 -0.447661 0.188468 0.873431
1341847985.222984 0.507694 -4.446290 0.635673 -0.034355 -0.453970 0.188908 0.870083
1341847985.252984 0.503565 -4.446610 0.642257 -0.034360 -0.460410 0.188806 0.866715
1341847985.282984 0.499375 -4.447020 0.650044 -0.034949 -0.467373 0.188761 0.862966
1341847985.312984 0.494737 -4.447970 0.656906 -0.035662 -0.473853 0.188826 0.859381
1341847985.342983 0.489572 -4.448160 0.663770 -0.036013 -0.479703 0.189062 0.856063
1341847985.372983 0.479343 -4.450290 0.678086 -0.035793 -0.489767 0.188813 0.850410
1341847985.402983 0.474276 -4.450210 0.685882 -0.034870 -0.495593 0.188768 0.847076
1341847985.432983 0.468951 -4.451260 0.692813 -0.034722 -0.501500 0.188814 0.843589
1341847985.462983 0.462990 -4.451550 0.699627 -0.034064 -0.507364 0.189914 0.839854
1341847985.492983 0.457339 -4.450860 0.706835 -0.033631 -0.513129 0.190797 0.836161
1341847985.522983 0.451296 -4.450600 0.713361 -0.034106 -0.518835 0.192133 0.832305
1341847985.552983 0.444932 -4.450900 0.719520 -0.034026 -0.523947 0.194155 0.828629
1341847985.582983 0.439326 -4.450560 0.725364 -0.033083 -0.529017 0.195591 0.825100
1341847985.612983 0.433706 -4.450200 0.731863 -0.032690 -0.534963 0.196370 0.821087
1341847985.642983 0.427868 -4.450460 0.738534 -0.032220 -0.541030 0.197608 0.816823
1341847985.672983 0.422541 -4.450450 0.744619 -0.031069 -0.546717 0.198364 0.812888
1341847985.702983 0.416995 -4.449010 0.751901 -0.030320 -0.552634 0.198046 0.808983
1341847985.732983 0.411657 -4.450630 0.757006 -0.030662 -0.558055 0.198121 0.805222
1341847985.762983 0.406336 -4.451010 0.762020 -0.029609 -0.563076 0.199068 0.801524
1341847985.792983 0.402091 -4.451260 0.767863 -0.029264 -0.568389 0.198941 0.797810
1341847985.822983 0.398122 -4.453470 0.772960 -0.029387 -0.573922 0.198782 0.793873
1341847985.852983 0.393716 -4.455170 0.776766 -0.027969 -0.579158 0.199135 0.790025
1341847985.882983 0.390021 -4.456780 0.780205 -0.025788 -0.584198 0.198941 0.786429
1341847985.912983 0.386719 -4.458440 0.783939 -0.023953 -0.589784 0.197671 0.782628
1341847985.942983 0.383255 -4.460360 0.787905 -0.022204 -0.595878 0.196253 0.778410
1341847985.972983 0.379902 -4.462060 0.790224 -0.020156 -0.601500 0.195009 0.774443
1341847986.002983 0.377255 -4.464150 0.793373 -0.018329 -0.607711 0.193347 0.770045
1341847986.032983 0.374631 -4.466130 0.795981 -0.016456 -0.614047 0.192340 0.765298
1341847986.062983 0.372320 -4.467440 0.798747 -0.014823 -0.620348 0.191281 0.760500
1341847986.092983 0.370180 -4.469160 0.801761 -0.013523 -0.626835 0.189619 0.755605
1341847986.122983 0.367718 -4.470500 0.803446 -0.011778 -0.633066 0.188132 0.750796
1341847986.152983 0.365421 -4.471420 0.805171 -0.010067 -0.639315 0.186652 0.745879
1341847986.182983 0.363358 -4.472660 0.805903 -0.009064 -0.645813 0.185034 0.740679
1341847986.212983 0.359275 -4.474800 0.807996 -0.007048 -0.659587 0.182447 0.729114
1341847986.242983 0.357399 -4.475740 0.808812 -0.007441 -0.666839 0.181024 0.722843
1341847986.272983 0.354792 -4.476740 0.812048 -0.007349 -0.673720 0.180362 0.716601
1341847986.302983 0.352779 -4.477030 0.816249 -0.006640 -0.680211 0.180883 0.710317
1341847986.332983 0.351165 -4.477610 0.820607 -0.005909 -0.686537 0.181266 0.704113
1341847986.362983 0.349687 -4.478270 0.825054 -0.004495 -0.692549 0.182725 0.697830
1341847986.392982 0.348762 -4.477490 0.829914 -0.003298 -0.698434 0.184870 0.691377
1341847986.422982 0.348757 -4.477540 0.834333 -0.004580 -0.704645 0.185893 0.684762
1341847986.452982 0.348122 -4.477940 0.840004 -0.006079 -0.710894 0.186297 0.678149
1341847986.482982 0.347315 -4.477900 0.844940 -0.005953 -0.716466 0.187347 0.671969
1341847986.512982 0.346982 -4.477820 0.849319 -0.005468 -0.721720 0.188263 0.666068
1341847986.542982 0.346899 -4.478100 0.853055 -0.005285 -0.727037 0.188428 0.660216
1341847986.572982 0.346668 -4.478700 0.856262 -0.004875 -0.732053 0.188368 0.654670
1341847986.602982 0.346629 -4.479690 0.859286 -0.004084 -0.736894 0.188144 0.649286
1341847986.632982 0.346606 -4.479990 0.862495 -0.003178 -0.741881 0.188288 0.643545
1341847986.662982 0.346801 -4.480700 0.863879 -0.002815 -0.746552 0.187860 0.638249
1341847986.692982 0.346846 -4.481710 0.866548 -0.002255 -0.751123 0.187015 0.633115
1341847986.722982 0.346590 -4.482230 0.869142 -0.000872 -0.755538 0.186580 0.627972
1341847986.752982 0.346821 -4.482740 0.870361 0.000092 -0.759959 0.185965 0.622800
1341847986.782982 0.346522 -4.482710 0.871456 0.000615 -0.764251 0.185160 0.617767
1341847986.812982 0.346271 -4.482690 0.873190 0.001034 -0.768594 0.184057 0.612687
1341847986.842982 0.345894 -4.482500 0.874931 0.001291 -0.772736 0.182817 0.607829
1341847986.872982 0.345303 -4.481790 0.875281 0.001862 -0.776760 0.181552 0.603058
1341847986.902982 0.345017 -4.481570 0.876247 0.001937 -0.781097 0.179419 0.598075
1341847986.932982 0.344429 -4.481640 0.876531 0.001736 -0.785178 0.177101 0.593404
1341847986.962982 0.343808 -4.482230 0.876368 0.002456 -0.789011 0.174907 0.588951
1341847986.992982 0.342892 -4.482140 0.876806 0.003782 -0.792678 0.173689 0.584363
1341847987.022982 0.342367 -4.481990 0.876220 0.004979 -0.796100 0.172773 0.579956
1341847987.052982 0.341822 -4.481520 0.874420 0.006155 -0.799401 0.171523 0.575760
1341847987.082982 0.341416 -4.481830 0.873327 0.007134 -0.802863 0.169782 0.571431
1341847987.112982 0.341026 -4.481930 0.871524 0.008042 -0.805927 0.168528 0.567464
1341847987.142982 0.340302 -4.481010 0.869969 0.008886 -0.808754 0.167522 0.563715
1341847987.172982 0.339630 -4.480360 0.868097 0.009228 -0.811631 0.165888 0.560045
1341847987.202982 0.338713 -4.479580 0.866427 0.009561 -0.814692 0.164116 0.556104
1341847987.232982 0.337943 -4.478720 0.864526 0.009947 -0.817807 0.162167 0.552082
1341847987.262982 0.337151 -4.477690 0.862968 0.010074 -0.820798 0.160243 0.548189
1341847987.292982 0.336390 -4.476730 0.860823 0.009711 -0.823826 0.158425 0.544168
1341847987.322982 0.335724 -4.476320 0.859332 0.008858 -0.826689 0.156419 0.540408
1341847987.352982 0.334782 -4.475190 0.857275 0.007560 -0.829311 0.154762 0.536874
1341847987.382982 0.333464 -4.473630 0.854742 0.006358 -0.831664 0.152807 0.533802
1341847987.412982 0.332233 -4.473190 0.852491 0.005902 -0.834034 0.150376 0.530792
1341847987.442981 0.330779 -4.471710 0.849571 0.006093 -0.836493 0.148149 0.527537
1341847987.472981 0.329465 -4.470850 0.846686 0.005756 -0.839240 0.145679 0.523852
1341847987.502981 0.327799 -4.469890 0.843841 0.005622 -0.841908 0.143486 0.520164
1341847987.532981 0.326290 -4.468830 0.840991 0.005076 -0.844461 0.140979 0.516706
1341847987.562981 0.324710 -4.468860 0.837722 0.004639 -0.846574 0.138366 0.513952
1341847987.592981 0.322980 -4.467980 0.834240 0.004877 -0.848340 0.136346 0.511571
1341847987.622981 0.320980 -4.466550 0.830566 0.005174 -0.850342 0.134144 0.508820
1341847987.652981 0.319032 -4.465170 0.827123 0.004808 -0.852287 0.131800 0.506174
1341847987.682981 0.316843 -4.463950 0.824493 0.003788 -0.854205 0.129190 0.503617
1341847987.712981 0.314701 -4.462850 0.820180 0.002499 -0.855775 0.126526 0.501631
1341847987.742981 0.312509 -4.462090 0.816891 -0.001136 0.857089 -0.124349 -0.499935
1341847987.772981 0.310070 -4.460520 0.813051 0.000541 0.858213 -0.122479 -0.498466
1341847987.802981 0.307453 -4.459430 0.809530 0.001514 0.859241 -0.120363 -0.497208
1341847987.832981 0.301440 -4.454040 0.801396 0.004592 0.861199 -0.116559 -0.494702
1341847987.862981 0.298207 -4.451720 0.797332 0.006436 0.862401 -0.113809 -0.493225
1341847987.892981 0.294630 -4.447780 0.792719 0.008626 0.863726 -0.111083 -0.491492
1341847987.922981 0.291082 -4.445360 0.789202 0.010984 0.865116 -0.107337 -0.489829
1341847987.952981 0.287528 -4.443250 0.785467 0.013491 0.866429 -0.103467 -0.488276
1341847987.982981 0.284097 -4.440930 0.780293 0.015682 0.867378 -0.099880 -0.487271
1341847988.012981 0.280350 -4.438230 0.776003 0.017524 0.868272 -0.096343 -0.486328
1341847988.042981 0.277033 -4.436870 0.771406 0.018544 0.868949 -0.093008 -0.485729
1341847988.072981 0.273312 -4.434410 0.766290 0.018548 0.869808 -0.090180 -0.484725
1341847988.102981 0.269657 -4.431370 0.761488 0.018929 0.870816 -0.087004 -0.483478
1341847988.132981 0.266012 -4.428650 0.755689 0.019601 0.871838 -0.083500 -0.482226
1341847988.162981 0.262826 -4.426730 0.750221 0.020904 0.872769 -0.079897 -0.481096
1341847988.192981 0.259419 -4.424260 0.745228 0.021822 0.873693 -0.076519 -0.479926
1341847988.222981 0.255747 -4.420450 0.739772 0.022808 0.874825 -0.073138 -0.478343
1341847988.252981 0.252349 -4.417590 0.734076 0.024356 0.876198 -0.069334 -0.476315
1341847988.282981 0.249344 -4.414660 0.728056 0.026309 0.877514 -0.066142 -0.474239
1341847988.312981 0.245952 -4.411380 0.722485 0.028318 0.878973 -0.062949 -0.471849
1341847988.342981 0.242435 -4.408760 0.717271 0.030631 0.880401 -0.059326 -0.469506
1341847988.372981 0.239361 -4.406300 0.712021 0.032875 0.881713 -0.055864 -0.467312
1341847988.402981 0.236002 -4.403370 0.706844 0.034909 0.883117 -0.052416 -0.464908
1341847988.432981 0.233175 -4.400840 0.701247 0.036816 0.884401 -0.049921 -0.462588
1341847988.462981 0.230068 -4.398450 0.695759 0.037882 0.885678 -0.047897 -0.460266
1341847988.492980 0.226662 -4.395180 0.690581 0.038837 0.887195 -0.045187 -0.457531
1341847988.522980 0.223717 -4.393300 0.685156 0.040606 0.888815 -0.042002 -0.454528
1341847988.552980 0.220802 -4.391450 0.679570 0.042191 0.890206 -0.039517 -0.451875
1341847988.582980 0.217635 -4.388980 0.674189 0.043290 0.891712 -0.037595 -0.448958
1341847988.612980 0.214293 -4.386640 0.668499 0.044168 0.893463 -0.035498 -0.445547
1341847988.642980 0.211123 -4.386250 0.663911 0.045755 0.895323 -0.032555 -0.441863
1341847988.672980 0.208458 -4.385230 0.658426 0.047613 0.896831 -0.030657 -0.438734
1341847988.702980 0.205335 -4.383190 0.652608 0.048487 0.898209 -0.029891 -0.435863
1341847988.732980 0.202292 -4.382160 0.646630 0.049493 0.899767 -0.028510 -0.432617
1341847988.762980 0.199177 -4.381640 0.641910 0.051051 0.901294 -0.026646 -0.429363
1341847988.792980 0.196263 -4.380930 0.636317 0.052893 0.902470 -0.024425 -0.426795
1341847988.822980 0.193989 -4.379390 0.629098 0.053841 0.903463 -0.022778 -0.424662
1341847988.852980 0.190805 -4.377900 0.623390 0.053877 0.904798 -0.021767 -0.421858
1341847988.882980 0.187756 -4.376890 0.616991 0.053893 0.906356 -0.019610 -0.418606
1341847988.912980 0.184688 -4.376710 0.611521 0.054461 0.907978 -0.017735 -0.415085
1341847988.942980 0.182784 -4.377080 0.605017 0.054988 0.909306 -0.016701 -0.412142
1341847988.972980 0.179989 -4.377110 0.599222 0.055423 0.910721 -0.015857 -0.408980
1341847989.002980 0.176942 -4.377080 0.594048 0.056039 0.912084 -0.014478 -0.405898
1341847989.032980 0.174247 -4.377120 0.588533 0.057245 0.913263 -0.012938 -0.403120
1341847989.062980 0.171913 -4.377630 0.583009 0.058231 0.914323 -0.012059 -0.400595
1341847989.092980 0.169287 -4.376580 0.577258 0.058387 0.915348 -0.011710 -0.398235
1341847989.122980 0.166637 -4.376100 0.571832 0.058591 0.916547 -0.011048 -0.395457
1341847989.152980 0.163623 -4.375450 0.566167 0.058735 0.917974 -0.010458 -0.392127
1341847989.182980 0.160407 -4.374770 0.560806 0.059028 0.919611 -0.010125 -0.388237
1341847989.212980 0.157537 -4.374700 0.555661 0.058663 0.921367 -0.010087 -0.384109
1341847989.242980 0.154016 -4.374540 0.549745 0.058416 0.923237 -0.010309 -0.379624
1341847989.272980 0.150735 -4.374930 0.543332 0.058131 0.925068 -0.010569 -0.375178
1341847989.302980 0.147062 -4.375720 0.537729 0.057133 0.926903 -0.010770 -0.370770
1341847989.332980 0.143354 -4.376600 0.531038 0.055737 0.928799 -0.010793 -0.366208
1341847989.362980 0.137364 -4.378030 0.526560 0.053652 0.930862 -0.011297 -0.361233
1341847989.392980 0.132564 -4.379250 0.520013 0.051697 0.932676 -0.011622 -0.356802
1341847989.422980 0.127396 -4.380740 0.514231 0.049908 0.934504 -0.010838 -0.352269
1341847989.452980 0.121793 -4.383380 0.509136 0.048799 0.936288 -0.010902 -0.347657
1341847989.482980 0.116143 -4.385600 0.503789 0.047545 0.937866 -0.012222 -0.343507
1341847989.512980 0.109546 -4.386440 0.497404 0.045525 0.939391 -0.012635 -0.339577
1341847989.542979 0.102495 -4.387200 0.492077 0.044162 0.940928 -0.012156 -0.335493
1341847989.572979 0.095341 -4.388300 0.486857 0.043222 0.942447 -0.011972 -0.331333
1341847989.602979 0.088063 -4.389260 0.481891 0.042803 0.943905 -0.012120 -0.327208
1341847989.632979 0.080878 -4.390230 0.476615 0.042592 0.945257 -0.013226 -0.323266
1341847989.662979 0.072770 -4.390120 0.471717 0.041497 0.946674 -0.014653 -0.319173
1341847989.692979 0.064753 -4.391380 0.466551 0.040147 0.948133 -0.015543 -0.314945
1341847989.722979 0.056646 -4.391370 0.461319 0.038643 0.949501 -0.016857 -0.310919
1341847989.752979 0.048120 -4.390800 0.456213 0.036694 0.950893 -0.017985 -0.306811
1341847989.782979 0.040079 -4.391330 0.450594 0.035602 0.952295 -0.018917 -0.302504
1341847989.812979 0.031715 -4.392280 0.445823 0.035320 0.953635 -0.020161 -0.298204
1341847989.842979 0.023181 -4.391390 0.440173 0.035314 0.954959 -0.021658 -0.293832
1341847989.872979 0.014362 -4.390600 0.435257 0.035628 0.956413 -0.022499 -0.288961
1341847989.902979 0.005985 -4.390660 0.429849 0.036324 0.957808 -0.022673 -0.284202
1341847989.932979 -0.002075 -4.392690 0.425551 0.037374 0.959066 -0.023066 -0.279756
1341847989.962979 -0.010380 -4.393870 0.420949 0.037893 0.960281 -0.024376 -0.275373
1341847989.992979 -0.018966 -4.393520 0.415946 0.038087 0.961504 -0.025770 -0.270917
1341847990.022979 -0.028448 -4.393720 0.412535 0.037993 0.962833 -0.026034 -0.266140
1341847990.052979 -0.036549 -4.395420 0.408548 0.037981 0.964122 -0.026278 -0.261412
1341847990.082979 -0.044586 -4.396640 0.404523 0.037167 0.965459 -0.026922 -0.256482
1341847990.112979 -0.053805 -4.398040 0.401401 0.036023 0.966968 -0.027245 -0.250865
1341847990.142979 -0.061757 -4.401620 0.398414 0.035180 0.968417 -0.027930 -0.245258
1341847990.172979 -0.070213 -4.404180 0.395762 0.035071 0.969766 -0.029051 -0.239751
1341847990.202979 -0.077275 -4.407410 0.392530 0.035398 0.970815 -0.030234 -0.235269
1341847990.232979 -0.084329 -4.410060 0.389961 0.035152 0.971710 -0.032339 -0.231295
1341847990.262979 -0.090966 -4.411240 0.385808 0.034387 0.972504 -0.034084 -0.227797
1341847990.292979 -0.097737 -4.412230 0.381870 0.033318 0.973306 -0.034740 -0.224406
1341847990.322979 -0.103094 -4.414950 0.377611 0.032245 0.974028 -0.035091 -0.221357
1341847990.352979 -0.108461 -4.419360 0.374284 0.031264 0.974651 -0.035966 -0.218596
1341847990.382979 -0.114321 -4.420690 0.369980 0.029831 0.975238 -0.037524 -0.215902
1341847990.412979 -0.119978 -4.422600 0.364895 0.028907 0.975922 -0.038546 -0.212733
1341847990.442979 -0.125333 -4.425690 0.360287 0.028537 0.976627 -0.039390 -0.209366
1341847990.472979 -0.129754 -4.428900 0.355319 0.028182 0.977227 -0.040589 -0.206361
1341847990.502979 -0.135412 -4.430980 0.349904 0.027701 0.977802 -0.041873 -0.203426
1341847990.532979 -0.140433 -4.433320 0.345316 0.027118 0.978211 -0.042777 -0.201338
1341847990.562979 -0.145320 -4.435990 0.339712 0.026540 0.978471 -0.043910 -0.199905
1341847990.592978 -0.150023 -4.438830 0.334158 0.025688 0.978674 -0.044999 -0.198777
1341847990.622978 -0.154596 -4.440840 0.327742 0.024971 0.978880 -0.046138 -0.197590
1341847990.652978 -0.159105 -4.443750 0.321657 0.024491 0.979075 -0.047359 -0.196393
1341847990.682978 -0.163180 -4.444750 0.313654 0.024078 0.979184 -0.048932 -0.195509
1341847990.712978 -0.167892 -4.446150 0.306205 0.024225 0.979319 -0.050008 -0.194541
1341847990.742978 -0.171900 -4.451810 0.300340 0.024920 0.979349 -0.051175 -0.193999
1341847990.772978 -0.175828 -4.452310 0.291952 0.024831 0.979163 -0.054298 -0.194103
1341847990.802978 -0.180020 -4.451350 0.280894 0.024739 0.979095 -0.056727 -0.193759
1341847990.832978 -0.184208 -4.452720 0.273144 0.024787 0.979172 -0.058438 -0.192854
1341847990.862978 -0.188659 -4.451910 0.264156 0.024551 0.979337 -0.060263 -0.191482
1341847990.892978 -0.193088 -4.450880 0.254952 0.024001 0.979560 -0.061054 -0.190154
1341847990.922978 -0.197498 -4.450960 0.246657 0.023483 0.979848 -0.061037 -0.188737
1341847990.952978 -0.201706 -4.452370 0.238039 0.023851 0.980110 -0.060974 -0.187344
1341847990.982978 -0.205181 -4.454940 0.229809 0.024343 0.980182 -0.061317 -0.186790
1341847991.012978 -0.208538 -4.455420 0.219163 0.024126 0.980172 -0.062738 -0.186400
1341847991.042978 -0.211863 -4.454990 0.208923 0.023621 0.980253 -0.063953 -0.185624
1341847991.072978 -0.215185 -4.455420 0.199837 0.023629 0.980422 -0.064305 -0.184604
1341847991.102978 -0.218401 -4.456810 0.190403 0.023530 0.980561 -0.064217 -0.183909
1341847991.132978 -0.221514 -4.458700 0.182377 0.023455 0.980605 -0.064552 -0.183566
1341847991.162978 -0.224495 -4.460650 0.173280 0.022735 0.980571 -0.065240 -0.183596
1341847991.192978 -0.226688 -4.462500 0.162973 0.021859 0.980497 -0.066223 -0.183743
1341847991.222978 -0.229117 -4.465050 0.154153 0.020854 0.980459 -0.067131 -0.183738
1341847991.252978 -0.231659 -4.466920 0.144264 0.019816 0.980429 -0.068474 -0.183513
1341847991.282978 -0.234006 -4.468530 0.135261 0.018862 0.980430 -0.069672 -0.183159
1341847991.312978 -0.237228 -4.468420 0.125816 0.017768 0.980541 -0.070493 -0.182360
1341847991.342978 -0.239598 -4.469500 0.118001 0.017061 0.980719 -0.070310 -0.181535
1341847991.372978 -0.241897 -4.470660 0.109346 0.016241 0.980935 -0.070167 -0.180495
1341847991.402978 -0.244543 -4.470590 0.100481 0.014825 0.981279 -0.069995 -0.178808
1341847991.432978 -0.247868 -4.470880 0.093373 0.013733 0.981768 -0.069034 -0.176571
1341847991.462978 -0.249388 -4.474670 0.085302 0.013380 0.982200 -0.067773 -0.174672
1341847991.492978 -0.249556 -4.478360 0.077986 0.012678 0.982502 -0.068329 -0.172801
1341847991.522978 -0.251397 -4.479390 0.070496 0.011373 0.982892 -0.069979 -0.169991
1341847991.552978 -0.253060 -4.480150 0.061080 0.010588 0.983453 -0.070810 -0.166416
1341847991.582978 -0.254861 -4.483090 0.054258 0.010330 0.984101 -0.071211 -0.162379
1341847991.612978 -0.255514 -4.484910 0.046229 0.010423 0.984649 -0.072366 -0.158498
1341847991.642977 -0.258057 -4.483900 0.037737 0.010295 0.985204 -0.073209 -0.154623
1341847991.672977 -0.259995 -4.484190 0.029412 0.010728 0.985823 -0.072293 -0.151037
1341847991.702977 -0.260082 -4.488750 0.021910 0.011559 0.986407 -0.071267 -0.147609
1341847991.732977 -0.260987 -4.491110 0.013855 0.011652 0.986955 -0.072283 -0.143382
1341847991.762977 -0.262687 -4.491790 0.006220 0.011786 0.987551 -0.073275 -0.138689
1341847991.792977 -0.264482 -4.491320 -0.001447 0.011894 0.988169 -0.073793 -0.133920
1341847991.822977 -0.266938 -4.490150 -0.010973 0.011659 0.988859 -0.073578 -0.128873
1341847991.852977 -0.268111 -4.491040 -0.020844 0.011379 0.989590 -0.072354 -0.123880
1341847991.882977 -0.269567 -4.490460 -0.030346 0.010812 0.990309 -0.071173 -0.118768
1341847991.912977 -0.272387 -4.489930 -0.038447 0.010368 0.991064 -0.069116 -0.113610
1341847991.942977 -0.274214 -4.494310 -0.044700 0.010082 0.991789 -0.066532 -0.108754
1341847991.972977 -0.275931 -4.496700 -0.052579 0.009232 0.992295 -0.065686 -0.104646
1341847992.002977 -0.279283 -4.494020 -0.061010 0.007812 0.992711 -0.065376 -0.100940
1341847992.032977 -0.280138 -4.496330 -0.070016 0.006603 0.993213 -0.062982 -0.097558
1341847992.062977 -0.281858 -4.500320 -0.077803 0.006214 0.993697 -0.061521 -0.093507
1341847992.092977 -0.284264 -4.500400 -0.087622 0.006032 0.994101 -0.061656 -0.089021
1341847992.122977 -0.287203 -4.500980 -0.094774 0.005896 0.994511 -0.061083 -0.084742
1341847992.152977 -0.288745 -4.503020 -0.104575 0.005077 0.994818 -0.060557 -0.081514
1341847992.182977 -0.291443 -4.503220 -0.111993 0.003634 0.995105 -0.060461 -0.078086
1341847992.212977 -0.295516 -4.503150 -0.120893 0.002271 0.995437 -0.060042 -0.074133
1341847992.242977 -0.299754 -4.502730 -0.128773 0.001138 0.995747 -0.059285 -0.070510
1341847992.272977 -0.301845 -4.503100 -0.138371 0.000307 0.996005 -0.058660 -0.067320
1341847992.302977 -0.305267 -4.502110 -0.147440 -0.000306 0.996258 -0.058361 -0.063746
1341847992.332977 -0.310433 -4.500330 -0.154700 -0.000839 0.996550 -0.057358 -0.059983
1341847992.362977 -0.313429 -4.499720 -0.164121 -0.000737 0.996815 -0.055851 -0.056924
1341847992.392977 -0.318331 -4.499230 -0.171751 -0.000574 0.997045 -0.054614 -0.054024
1341847992.422977 -0.323554 -4.496420 -0.179932 -0.000758 0.997226 -0.053771 -0.051471
1341847992.452977 -0.327936 -4.495080 -0.188433 -0.000616 0.997431 -0.051950 -0.049310
1341847992.482977 -0.331084 -4.494720 -0.196403 -0.001035 0.997582 -0.050328 -0.047926
1341847992.512977 -0.335291 -4.493640 -0.204189 -0.001628 0.997725 -0.048946 -0.046335
1341847992.542977 -0.341659 -4.491550 -0.213192 -0.002539 0.997856 -0.047786 -0.044647
1341847992.572977 -0.344478 -4.489300 -0.222713 -0.003039 0.997948 -0.046372 -0.044059
1341847992.602977 -0.348795 -4.487670 -0.229661 -0.003285 0.998096 -0.044285 -0.042811
1341847992.632977 -0.352925 -4.489850 -0.237812 -0.003216 0.998269 -0.041860 -0.041188
1341847992.662977 -0.356403 -4.490650 -0.245057 -0.002675 0.998384 -0.040782 -0.039483
1341847992.692976 -0.360611 -4.487180 -0.253827 -0.002463 0.998495 -0.040275 -0.037153
1341847992.722976 -0.363689 -4.487230 -0.261513 -0.002310 0.998668 -0.038162 -0.034641
1341847992.752976 -0.367606 -4.486510 -0.268941 -0.001855 0.998817 -0.036675 -0.031884
1341847992.782976 -0.371244 -4.484690 -0.276700 -0.001974 0.998957 -0.034760 -0.029538
1341847992.812976 -0.372180 -4.483630 -0.285467 -0.002205 0.999110 -0.032000 -0.027383
1341847992.842976 -0.375681 -4.485030 -0.291285 -0.001627 0.999280 -0.028967 -0.024449
1341847992.872976 -0.377885 -4.480610 -0.299803 -0.000332 0.999368 -0.027587 -0.022434
1341847992.902976 -0.380809 -4.480560 -0.305636 0.000305 0.999477 -0.024788 -0.020763
1341847992.932976 -0.382178 -4.480510 -0.312646 0.000509 0.999560 -0.022628 -0.019197
1341847992.962976 -0.384154 -4.480750 -0.319543 0.000524 0.999620 -0.021476 -0.017296
1341847992.992976 -0.385324 -4.477390 -0.326958 -0.000050 0.999665 -0.020755 -0.015486
1341847993.022976 -0.386485 -4.476290 -0.333828 -0.000478 0.999737 -0.018487 -0.013555
1341847993.052976 -0.388143 -4.474680 -0.341173 -0.000299 0.999795 -0.016288 -0.012049
1341847993.082976 -0.390378 -4.474730 -0.347856 -0.000381 0.999836 -0.014614 -0.010649
1341847993.112976 -0.391212 -4.474610 -0.355012 -0.000921 0.999864 -0.013603 -0.009239
1341847993.142976 -0.392163 -4.472310 -0.363509 -0.002091 0.999880 -0.013247 -0.007775
1341847993.172976 -0.393395 -4.472510 -0.370629 -0.003650 0.999902 -0.012136 -0.005970
1341847993.202976 -0.395821 -4.471180 -0.378786 -0.005523 0.999919 -0.010919 -0.003436
1341847993.232976 -0.399031 -4.468580 -0.387180 -0.006519 0.999936 -0.009195 -0.000609
1341847993.262976 -0.400337 -4.465120 -0.396526 -0.006638 0.999955 -0.006602 0.001425
1341847993.292976 -0.400480 -4.466060 -0.404675 -0.006156 0.999971 -0.003420 0.002905
1341847993.322976 -0.401959 -4.464500 -0.414015 -0.005703 0.999974 -0.001902 0.003990
1341847993.352976 -0.400489 -4.462650 -0.423238 -0.005432 0.999977 -0.000536 0.004001
1341847993.382976 -0.403174 -4.461280 -0.431721 -0.005189 0.999977 0.000823 0.004304
1341847993.412976 -0.404034 -4.458490 -0.441679 -0.004955 0.999979 0.002142 0.003708
1341847993.442976 -0.403050 -4.458250 -0.451518 -0.004143 0.999975 0.005045 0.002554
1341847993.472976 -0.402359 -4.458500 -0.460783 -0.002542 0.999973 0.006833 0.001163
1341847993.502976 -0.402458 -4.460110 -0.469630 -0.000867 0.999972 0.007390 -0.000288
1341847993.532976 -0.397253 -4.458550 -0.480450 0.000711 0.999968 0.007485 -0.002756
1341847993.562976 -0.395649 -4.458660 -0.490577 0.002042 0.999956 0.008101 -0.004190
1341847993.592976 -0.397009 -4.458370 -0.500140 0.002920 0.999949 0.008416 -0.004807
1341847993.622976 -0.395568 -4.456380 -0.511608 0.002883 0.999942 0.008549 -0.005930
1341847993.652976 -0.395179 -4.455680 -0.521149 0.002514 0.999929 0.009786 -0.006326
1341847993.682976 -0.395639 -4.455420 -0.531855 0.002428 0.999910 0.011378 -0.006755
1341847993.712976 -0.394539 -4.454960 -0.541706 0.001935 0.999888 0.012424 -0.008112
1341847993.742975 -0.394982 -4.451300 -0.553076 0.000937 0.999878 0.013001 -0.008624
1341847993.772975 -0.392384 -4.450760 -0.563371 0.000674 0.999838 0.015403 -0.009313
1341847993.802975 -0.390180 -4.450560 -0.572483 0.001479 0.999780 0.018284 -0.010188
1341847993.832975 -0.386455 -4.450150 -0.582793 0.002850 0.999730 0.019893 -0.011666
1341847993.862975 -0.379155 -4.449260 -0.592680 0.004626 0.999666 0.021641 -0.013319
1341847993.892975 -0.377134 -4.448980 -0.601278 0.005804 0.999599 0.023839 -0.014161
1341847993.922975 -0.374878 -4.447710 -0.609793 0.006991 0.999518 0.026013 -0.015457
1341847993.952975 -0.374197 -4.449400 -0.618347 0.007432 0.999426 0.028614 -0.016560
1341847993.982975 -0.373493 -4.451750 -0.625701 0.007752 0.999341 0.030643 -0.017829
1341847994.012975 -0.372900 -4.452500 -0.634012 0.007641 0.999282 0.031665 -0.019334
1341847994.042975 -0.373054 -4.450600 -0.643075 0.007263 0.999270 0.031593 -0.020233
1341847994.072975 -0.373037 -4.450710 -0.651908 0.007415 0.999279 0.031120 -0.020470
1341847994.102975 -0.373299 -4.449530 -0.660059 0.007424 0.999313 0.030034 -0.020402
1341847994.132975 -0.372011 -4.449920 -0.668163 0.007476 0.999283 0.030707 -0.020865
1341847994.162975 -0.370231 -4.453740 -0.674984 0.008041 0.999234 0.031743 -0.021419
1341847994.192975 -0.371360 -4.451780 -0.691653 0.006413 0.999247 0.031395 -0.021884
1341847994.222975 -0.371001 -4.453380 -0.699628 0.005539 0.999166 0.033673 -0.022423
1341847994.252975 -0.372107 -4.457950 -0.706130 0.004958 0.999077 0.035991 -0.022933
1341847994.282975 -0.372394 -4.460560 -0.713384 0.004149 0.998972 0.038130 -0.024146
1341847994.312975 -0.373906 -4.459460 -0.722554 0.003854 0.998903 0.039378 -0.025051
1341847994.342975 -0.375647 -4.456280 -0.732405 0.003202 0.998899 0.039110 -0.025723
1341847994.372975 -0.377179 -4.453740 -0.741472 0.002694 0.998873 0.039563 -0.026063
1341847994.402975 -0.378688 -4.455280 -0.749271 0.002946 0.998777 0.041602 -0.026537
1341847994.432975 -0.381210 -4.453480 -0.758458 0.002642 0.998708 0.043058 -0.026877
1341847994.462975 -0.384449 -4.453700 -0.766937 0.002508 0.998591 0.045944 -0.026450
1341847994.492975 -0.385206 -4.453780 -0.776405 0.003425 0.998490 0.048213 -0.026123
1341847994.522975 -0.387859 -4.453440 -0.785664 0.003928 0.998421 0.049717 -0.025859
1341847994.552975 -0.388846 -4.456680 -0.793413 0.004064 0.998247 0.052920 -0.026184
1341847994.582975 -0.390479 -4.456790 -0.802899 0.004676 0.998116 0.055186 -0.026392
1341847994.612975 -0.393333 -4.459330 -0.810963 0.005835 0.997991 0.057098 -0.026833
1341847994.642975 -0.395532 -4.458490 -0.820832 0.006981 0.997857 0.058684 -0.028070
1341847994.672975 -0.400168 -4.455020 -0.831705 0.007716 0.997802 0.059243 -0.028654
1341847994.702975 -0.404204 -4.451820 -0.842039 0.008195 0.997785 0.059114 -0.029376
1341847994.732975 -0.407855 -4.448730 -0.852367 0.008119 0.997726 0.059543 -0.030511
1341847994.762975 -0.410491 -4.448180 -0.861621 0.007870 0.997583 0.061309 -0.031747
1341847994.792974 -0.415839 -4.440140 -0.873339 0.007695 0.997560 0.061636 -0.031862
1341847994.822974 -0.417299 -4.441740 -0.881706 0.008698 0.997275 0.065368 -0.033063
1341847994.852974 -0.420109 -4.438590 -0.891643 0.010069 0.996814 0.071110 -0.034685
1341847994.882974 -0.423274 -4.440320 -0.901054 0.011908 0.996346 0.076207 -0.036673
1341847994.912974 -0.429123 -4.439260 -0.909962 0.013027 0.996136 0.078074 -0.038060
1341847994.942974 -0.433427 -4.435520 -0.919158 0.013654 0.995960 0.079469 -0.039522
1341847994.972974 -0.437093 -4.430780 -0.928742 0.014422 0.995663 0.082427 -0.040648
1341847995.002974 -0.439502 -4.425010 -0.938895 0.015535 0.995454 0.084168 -0.041793
1341847995.032974 -0.442915 -4.418660 -0.947751 0.015512 0.995367 0.084819 -0.042536
1341847995.062974 -0.447519 -4.416160 -0.956274 0.015246 0.995251 0.086464 -0.042042
1341847995.092974 -0.450338 -4.413750 -0.965023 0.015229 0.995109 0.088454 -0.041267
1341847995.122974 -0.453470 -4.411880 -0.973082 0.015481 0.995022 0.089935 -0.040049
1341847995.152974 -0.457085 -4.409100 -0.981770 0.015601 0.994941 0.091469 -0.038496
1341847995.182974 -0.459410 -4.411840 -0.988561 0.015539 0.994688 0.094660 -0.037322
1341847995.212974 -0.461153 -4.410950 -0.995254 0.015855 0.994578 0.096232 -0.036085
1341847995.242974 -0.462055 -4.410490 -1.001240 0.016282 0.994540 0.096944 -0.035028
1341847995.272974 -0.462881 -4.408860 -1.007950 0.016159 0.994531 0.097509 -0.033754
1341847995.302974 -0.464594 -4.405990 -1.014950 0.015588 0.994497 0.098493 -0.032132
1341847995.332974 -0.465614 -4.404180 -1.022290 0.014990 0.994435 0.099831 -0.030147
1341847995.362974 -0.466431 -4.405840 -1.028470 0.014679 0.994296 0.101928 -0.027751
1341847995.392974 -0.467001 -4.403930 -1.035340 0.014858 0.994244 0.103067 -0.025223
1341847995.422974 -0.470004 -4.403520 -1.042110 0.013988 0.994296 0.103481 -0.021733
1341847995.452974 -0.468665 -4.401070 -1.048990 0.013390 0.994352 0.103699 -0.018181
1341847995.482974 -0.469501 -4.401040 -1.055700 0.013274 0.994327 0.104652 -0.013644
1341847995.512974 -0.467788 -4.398330 -1.062550 0.012936 0.994325 0.105134 -0.009876
1341847995.542974 -0.471500 -4.400260 -1.069840 0.012428 0.994183 0.106873 -0.004972
1341847995.572974 -0.475994 -4.400510 -1.078140 0.011433 0.994039 0.108421 -0.000164
1341847995.602974 -0.476700 -4.402820 -1.084550 0.010747 0.993900 0.109698 0.003703
1341847995.632974 -0.472514 -4.408980 -1.088550 0.010667 0.993756 0.110900 0.006039
1341847995.662974 -0.470610 -4.408910 -1.095830 0.010482 0.993749 0.110812 0.008533
1341847995.692974 -0.467601 -4.407670 -1.103500 0.010494 0.993739 0.110741 0.010456
1341847995.722974 -0.470351 -4.414860 -1.111230 0.009813 0.993399 0.113478 0.013563
1341847995.752974 -0.473468 -4.418090 -1.120480 0.008974 0.993024 0.116362 0.016846
1341847995.782974 -0.471299 -4.415090 -1.129900 0.009486 0.992909 0.116911 0.019328
1341847995.812973 -0.469241 -4.413680 -1.137620 0.009506 0.992847 0.116983 0.021884
1341847995.842973 -0.468301 -4.410560 -1.146920 0.008864 0.992831 0.116588 0.024814
1341847995.872973 -0.469032 -4.407970 -1.155320 0.007458 0.992760 0.116494 0.028318
1341847995.902973 -0.471181 -4.412320 -1.163780 0.006147 0.992530 0.117455 0.032414
1341847995.932973 -0.470281 -4.413200 -1.173000 0.005020 0.992333 0.118107 0.036059
1341847995.962973 -0.466872 -4.415500 -1.179880 0.004240 0.992058 0.119441 0.039194
1341847995.992973 -0.465870 -4.412780 -1.188100 0.002541 0.991701 0.121098 0.043113
1341847996.022973 -0.465938 -4.411680 -1.197160 0.001217 0.991478 0.121506 0.046977
1341847996.052973 -0.465029 -4.410380 -1.206760 0.000183 0.991317 0.121655 0.049910
1341847996.082973 -0.456127 -4.406690 -1.216320 -0.001796 0.991189 0.122261 0.050930
1341847996.112973 -0.454116 -4.407520 -1.226660 -0.003215 0.990952 0.123252 0.053044
1341847996.142973 -0.449136 -4.410260 -1.235500 -0.004678 0.990759 0.124128 0.054477
1341847996.172973 -0.441008 -4.412840 -1.243920 -0.006674 0.990544 0.125432 0.055184
1341847996.202973 -0.434091 -4.412520 -1.251920 -0.008140 0.990391 0.126076 0.056252
1341847996.232973 -0.428145 -4.410720 -1.260340 -0.009608 0.990192 0.127090 0.057240
1341847996.262973 -0.423884 -4.409450 -1.269150 -0.011252 0.989971 0.128190 0.058297
1341847996.292973 -0.421210 -4.411160 -1.277000 -0.011654 0.989732 0.129383 0.059619
1341847996.322973 -0.417964 -4.408100 -1.284450 -0.012661 0.989583 0.129737 0.061101
1341847996.352973 -0.416192 -4.402120 -1.292850 -0.014219 0.989394 0.129976 0.063267
1341847996.382973 -0.413612 -4.401150 -1.300510 -0.014524 0.989218 0.130122 0.065610
1341847996.412973 -0.412696 -4.401630 -1.308680 -0.014951 0.989092 0.129638 0.068318
1341847996.442973 -0.410763 -4.401580 -1.316390 -0.015722 0.989029 0.128613 0.070947
1341847996.472973 -0.408919 -4.400290 -1.323900 -0.016641 0.988951 0.127338 0.074057
1341847996.502973 -0.407072 -4.400200 -1.330320 -0.018214 0.988814 0.126152 0.077467
1341847996.532973 -0.403781 -4.399990 -1.336550 -0.020219 0.988744 0.124129 0.081050
1341847996.562973 -0.401554 -4.403520 -1.342780 -0.022829 0.988614 0.122356 0.084553
1341847996.592973 -0.402244 -4.404350 -1.349150 -0.024631 0.988478 0.120400 0.088367
1341847996.622973 -0.400312 -4.404010 -1.355510 -0.025784 0.988422 0.117996 0.091842
1341847996.652973 -0.397597 -4.409100 -1.360630 -0.026948 0.988450 0.115336 0.094536
1341847996.682973 -0.396209 -4.410650 -1.366030 -0.027698 0.988426 0.112822 0.097559
1341847996.712973 -0.394287 -4.413950 -1.370680 -0.029293 0.988182 0.111813 0.100680
1341847996.742973 -0.393822 -4.417570 -1.375200 -0.030426 0.988000 0.110344 0.103703
1341847996.772973 -0.393090 -4.417470 -1.380690 -0.032013 0.987786 0.108601 0.107052
1341847996.802973 -0.393369 -4.420950 -1.384870 -0.032358 0.987566 0.107101 0.110433
1341847996.832973 -0.391327 -4.421760 -1.388850 -0.032964 0.987498 0.104375 0.113434
1341847996.862972 -0.390484 -4.425280 -1.393090 -0.032874 0.987434 0.101365 0.116698
1341847996.892972 -0.389932 -4.426430 -1.397340 -0.032893 0.987323 0.098928 0.119687
1341847996.922972 -0.390910 -4.427590 -1.401910 -0.032976 0.987037 0.096816 0.123680
1341847996.952972 -0.391145 -4.432350 -1.405840 -0.033534 0.986656 0.095075 0.127853
1341847996.982972 -0.393274 -4.435650 -1.409790 -0.033473 0.986229 0.093178 0.132473
1341847997.012972 -0.394917 -4.439450 -1.414030 -0.033805 0.985627 0.091986 0.137607
1341847997.042972 -0.395440 -4.444120 -1.417460 -0.034745 0.984921 0.091070 0.142930
1341847997.072972 -0.396518 -4.447250 -1.420990 -0.034634 0.984252 0.088927 0.148800
1341847997.102972 -0.395908 -4.452160 -1.424450 -0.034494 0.983647 0.085571 0.154682
1341847997.132972 -0.397277 -4.455680 -1.428610 -0.033980 0.982925 0.082885 0.160728
1341847997.162972 -0.398950 -4.467370 -1.431600 -0.036539 0.982172 0.080154 0.166069
1341847997.192972 -0.401453 -4.470180 -1.435470 -0.036540 0.981403 0.077727 0.171673
1341847997.222972 -0.403304 -4.469820 -1.439730 -0.037256 0.980523 0.076411 0.177051
1341847997.252972 -0.405572 -4.472970 -1.442970 -0.037418 0.979685 0.075210 0.182098
1341847997.282972 -0.408357 -4.479700 -1.445930 -0.039121 0.978908 0.073410 0.186603
1341847997.312972 -0.409938 -4.480520 -1.449110 -0.038987 0.978177 0.070998 0.191332
1341847997.342972 -0.411046 -4.476300 -1.453470 -0.038111 0.977408 0.069062 0.196089
1341847997.372972 -0.411397 -4.477530 -1.456840 -0.039277 0.976526 0.068331 0.200464
1341847997.402972 -0.411939 -4.483030 -1.459300 -0.040114 0.975652 0.067943 0.204640
1341847997.432972 -0.411147 -4.484500 -1.461530 -0.039273 0.975013 0.066464 0.208302
1341847997.462972 -0.412334 -4.485790 -1.464750 -0.038527 0.974453 0.064457 0.211667
1341847997.492972 -0.413443 -4.485380 -1.467550 -0.037571 0.973903 0.063083 0.214759
1341847997.522972 -0.412732 -4.487570 -1.470050 -0.037155 0.973275 0.061681 0.218061
1341847997.552972 -0.414684 -4.489750 -1.472550 -0.036652 0.972673 0.060404 0.221167
1341847997.582972 -0.414850 -4.491360 -1.474900 -0.036361 0.972104 0.059010 0.224077
1341847997.612972 -0.415237 -4.491700 -1.476970 -0.035042 0.971522 0.057353 0.227219
1341847997.642972 -0.417556 -4.494660 -1.479560 -0.034796 0.970891 0.055375 0.230421
1341847997.672972 -0.416979 -4.495550 -1.481420 -0.033926 0.970260 0.053742 0.233574
1341847997.702972 -0.417795 -4.496950 -1.484510 -0.033679 0.969528 0.052231 0.236967
1341847997.732972 -0.419150 -4.499130 -1.485820 -0.033340 0.968862 0.050606 0.240071
1341847997.762972 -0.419813 -4.500300 -1.488050 -0.033821 0.968170 0.048239 0.243263
1341847997.792972 -0.421194 -4.501670 -1.490180 -0.033931 0.967442 0.046219 0.246511
1341847997.822972 -0.421705 -4.505350 -1.492650 -0.035836 0.966603 0.043877 0.249939
1341847997.852972 -0.421725 -4.504590 -1.495380 -0.035792 0.965695 0.041254 0.253872
1341847997.882972 -0.422623 -4.506470 -1.498450 -0.037059 0.964558 0.039567 0.258243
1341847997.912971 -0.421485 -4.509630 -1.501850 -0.038343 0.963404 0.037611 0.262619
1341847997.942971 -0.421226 -4.512040 -1.504810 -0.038883 0.962282 0.035443 0.266917
1341847997.972971 -0.422082 -4.515220 -1.508430 -0.039955 0.961060 0.032999 0.271437
1341847998.002971 -0.420602 -4.518930 -1.511180 -0.040735 0.959837 0.030548 0.275899
1341847998.032971 -0.420380 -4.522680 -1.513940 -0.041181 0.958710 0.028035 0.279988
1341847998.062971 -0.420182 -4.525800 -1.516880 -0.041066 0.957556 0.025765 0.284143
1341847998.092971 -0.420718 -4.528060 -1.519620 -0.040275 0.956420 0.023481 0.288248
1341847998.122971 -0.420918 -4.531240 -1.521470 -0.039022 0.955287 0.021545 0.292300
1341847998.152971 -0.418503 -4.532700 -1.523530 -0.037406 0.954081 0.019752 0.296546
1341847998.182971 -0.415862 -4.532510 -1.526080 -0.036723 0.952809 0.017419 0.300839
1341847998.212971 -0.417497 -4.537200 -1.528260 -0.036257 0.951562 0.015676 0.304910
1341847998.242971 -0.415072 -4.538660 -1.528800 -0.035083 0.950552 0.013054 0.308300
1341847998.272971 -0.414360 -4.538050 -1.530970 -0.034324 0.949290 0.010054 0.312360
1341847998.302971 -0.414032 -4.539780 -1.532660 -0.034067 0.947981 0.007897 0.316400
1341847998.332971 -0.411981 -4.541690 -1.532510 -0.033631 0.946749 0.005650 0.320162
1341847998.362971 -0.411796 -4.542340 -1.534200 -0.033064 0.945452 0.003301 0.324062
1341847998.392971 -0.411482 -4.543290 -1.535540 -0.032780 0.944182 0.001143 0.327789
1341847998.422971 -0.411668 -4.548130 -1.535520 -0.032890 0.942953 -0.000525 0.331298
1341847998.452971 -0.411912 -4.550270 -1.536690 -0.032530 0.941643 -0.003183 0.335022
1341847998.482971 -0.411888 -4.551510 -1.537250 -0.032196 0.940552 -0.005413 0.338078
1341847998.512971 -0.411900 -4.552950 -1.539130 -0.031941 0.939336 -0.006958 0.341437
1341847998.542971 -0.411700 -4.555890 -1.539510 -0.031961 0.938228 -0.008832 0.344426
1341847998.572971 -0.413594 -4.557510 -1.540410 -0.031818 0.937066 -0.010986 0.347527
1341847998.602971 -0.412983 -4.558090 -1.540110 -0.032039 0.936049 -0.012716 0.350176
1341847998.632971 -0.413364 -4.559990 -1.540800 -0.032330 0.934885 -0.014090 0.353194
1341847998.662971 -0.413012 -4.563970 -1.540470 -0.032329 0.933693 -0.014937 0.356299
1341847998.692971 -0.412406 -4.567170 -1.540960 -0.032330 0.932427 -0.015912 0.359557
1341847998.722971 -0.412459 -4.569690 -1.540980 -0.032621 0.931182 -0.017266 0.362682
1341847998.752971 -0.411821 -4.573210 -1.540680 -0.032831 0.929897 -0.018995 0.365859
1341847998.782971 -0.411159 -4.575620 -1.539930 -0.033102 0.928610 -0.021469 0.368953
1341847998.812971 -0.410656 -4.577260 -1.539310 -0.032969 0.927243 -0.023536 0.372262
1341847998.842971 -0.411375 -4.577680 -1.539780 -0.032899 0.925667 -0.024918 0.376082
1341847998.872971 -0.410527 -4.579740 -1.539750 -0.032834 0.924231 -0.025599 0.379557
1341847998.902971 -0.409266 -4.581020 -1.539750 -0.032690 0.922890 -0.026196 0.382778
1341847998.932971 -0.407725 -4.582410 -1.539610 -0.032222 0.921667 -0.026717 0.385717
1341847998.962970 -0.409789 -4.586710 -1.539630 -0.031912 0.920452 -0.027246 0.388596
1341847998.992970 -0.408991 -4.587090 -1.540700 -0.031575 0.919071 -0.028904 0.391760
1341847999.022970 -0.408012 -4.590290 -1.540120 -0.031704 0.917670 -0.029821 0.394952
1341847999.052970 -0.407425 -4.591040 -1.541520 -0.031708 0.915995 -0.031152 0.398719
1341847999.082970 -0.404242 -4.587840 -1.541370 -0.031689 0.914611 -0.032134 0.401809
1341847999.112970 -0.403689 -4.588450 -1.541630 -0.033443 0.912916 -0.031908 0.405522
1341847999.142970 -0.405219 -4.593660 -1.542520 -0.035693 0.910583 -0.032213 0.410520
1341847999.172970 -0.405792 -4.599590 -1.543770 -0.036752 0.908194 -0.033615 0.415576
1341847999.202970 -0.403982 -4.600720 -1.543550 -0.036441 0.906354 -0.035472 0.419448
1341847999.232970 -0.401879 -4.603050 -1.544050 -0.036432 0.904629 -0.037186 0.423009
1341847999.262970 -0.399933 -4.603450 -1.545350 -0.035394 0.902637 -0.039957 0.427079
1341847999.292970 -0.398943 -4.601610 -1.548930 -0.034372 0.900344 -0.042101 0.431771
1341847999.322970 -0.396220 -4.601960 -1.549810 -0.033879 0.898304 -0.042495 0.436000
1341847999.352970 -0.392326 -4.603910 -1.550040 -0.033475 0.896527 -0.042316 0.439690
1341847999.382970 -0.389323 -4.605130 -1.550040 -0.032838 0.895056 -0.042496 0.442708
1341847999.412970 -0.387461 -4.607920 -1.551370 -0.032088 0.893294 -0.042742 0.446284
1341847999.442970 -0.382689 -4.607170 -1.550830 -0.030953 0.891918 -0.043538 0.449030
1341847999.472970 -0.378390 -4.606000 -1.551000 -0.030555 0.890236 -0.043684 0.452370
1341847999.502970 -0.374533 -4.608840 -1.551420 -0.031212 0.888237 -0.043642 0.456242
1341847999.532970 -0.369484 -4.607650 -1.551600 -0.031107 0.886518 -0.044679 0.459480
1341847999.562970 -0.363607 -4.603140 -1.553540 -0.030838 0.884746 -0.045237 0.462847
1341847999.592970 -0.359908 -4.604310 -1.553280 -0.031188 0.883240 -0.043759 0.465833
1341847999.622970 -0.353902 -4.606260 -1.552010 -0.030810 0.881866 -0.042897 0.468533
1341847999.652970 -0.348420 -4.606180 -1.552070 -0.030031 0.880223 -0.042764 0.471674
1341847999.682970 -0.343147 -4.602530 -1.552620 -0.029454 0.878369 -0.042666 0.475164
1341847999.712970 -0.336599 -4.602880 -1.550750 -0.029928 0.876577 -0.041648 0.478522
1341847999.742970 -0.329622 -4.603830 -1.548380 -0.030477 0.874803 -0.040570 0.481814
1341847999.772970 -0.323647 -4.603360 -1.549500 -0.030649 0.872730 -0.039769 0.485614
1341847999.802970 -0.316041 -4.602470 -1.548230 -0.030653 0.870923 -0.038799 0.488926
1341847999.832970 -0.310246 -4.605720 -1.546410 -0.031001 0.869229 -0.037436 0.492014
1341847999.862970 -0.302490 -4.605390 -1.546230 -0.030717 0.867549 -0.037205 0.495005
1341847999.892970 -0.294419 -4.603940 -1.544500 -0.030530 0.865969 -0.036686 0.497815
1341847999.922970 -0.285074 -4.602240 -1.542620 -0.030466 0.864547 -0.036090 0.500327
1341847999.952970 -0.278177 -4.603920 -1.542300 -0.030650 0.862941 -0.035046 0.503155
1341847999.982970 -0.269700 -4.601660 -1.541780 -0.030209 0.861611 -0.034928 0.505464
1341848000.012969 -0.261411 -4.602240 -1.539250 -0.030676 0.860473 -0.034258 0.507417
1341848000.042969 -0.252948 -4.604230 -1.536920 -0.031024 0.859392 -0.033972 0.509243
1341848000.072969 -0.244733 -4.602640 -1.535870 -0.030576 0.858183 -0.034785 0.511250
1341848000.102969 -0.235845 -4.600960 -1.533340 -0.030516 0.857217 -0.034739 0.512875
1341848000.132969 -0.228732 -4.602770 -1.530750 -0.030960 0.856217 -0.034016 0.514565
1341848000.162969 -0.220220 -4.603960 -1.529440 -0.030582 0.855097 -0.033927 0.516452
1341848000.192969 -0.211529 -4.602170 -1.527450 -0.029740 0.854336 -0.034324 0.517732
1341848000.222969 -0.203389 -4.600280 -1.525970 -0.028921 0.853653 -0.034316 0.518905
1341848000.252969 -0.195609 -4.599830 -1.526510 -0.028134 0.852769 -0.033943 0.520424
1341848000.282969 -0.188231 -4.600430 -1.525880 -0.027761 0.852157 -0.033660 0.521465
1341848000.312969 -0.170043 -4.597340 -1.519670 -0.026986 0.852433 -0.034126 0.521023
1341848000.342969 -0.162814 -4.599330 -1.518270 -0.027199 0.852301 -0.033913 0.521242
1341848000.372969 -0.153488 -4.597580 -1.514990 -0.026760 0.852418 -0.034309 0.521048
1341848000.402969 -0.144840 -4.597620 -1.511280 -0.026934 0.852591 -0.034455 0.520746
1341848000.432969 -0.136537 -4.598160 -1.509270 -0.027113 0.852179 -0.034653 0.521396
1341848000.462969 -0.128142 -4.596640 -1.508900 -0.027264 0.851591 -0.035278 0.522308
1341848000.492969 -0.119839 -4.597990 -1.506120 -0.027621 0.851284 -0.035236 0.522792
1341848000.522969 -0.110338 -4.598660 -1.501630 -0.027841 0.851385 -0.035692 0.522585
1341848000.552969 -0.101632 -4.598020 -1.499600 -0.027413 0.851295 -0.036474 0.522699
1341848000.582969 -0.093604 -4.599810 -1.497710 -0.026798 0.851396 -0.036368 0.522574
1341848000.612969 -0.085962 -4.603290 -1.494530 -0.025980 0.852057 -0.036755 0.521510
1341848000.642969 -0.079233 -4.608500 -1.493390 -0.025046 0.852404 -0.037750 0.520918
1341848000.672969 -0.071086 -4.610220 -1.491630 -0.023542 0.852602 -0.039471 0.520535
1341848000.702969 -0.063451 -4.612440 -1.491110 -0.022213 0.852432 -0.040951 0.520759
1341848000.732969 -0.055657 -4.614380 -1.489370 -0.020466 0.852301 -0.042009 0.520959
1341848000.762969 -0.048398 -4.617910 -1.489230 -0.018453 0.852124 -0.042880 0.521254
1341848000.792969 -0.040768 -4.619020 -1.489650 -0.015421 0.852050 -0.044467 0.521340
1341848000.822969 -0.032459 -4.617940 -1.490930 -0.012746 0.852163 -0.045654 0.521124
1341848000.852969 -0.025228 -4.622270 -1.491310 -0.011202 0.852196 -0.045984 0.521078
1341848000.882969 -0.017141 -4.624760 -1.491650 -0.009321 0.852116 -0.047901 0.521073
1341848000.912969 -0.008266 -4.622480 -1.492900 -0.007935 0.851839 -0.050345 0.521318
1341848000.942969 -0.000037 -4.622880 -1.496430 -0.007857 0.851274 -0.051325 0.522147
1341848000.972969 0.008074 -4.627290 -1.496100 -0.007930 0.851047 -0.051767 0.522471
1341848001.002969 0.016829 -4.627750 -1.499770 -0.006897 0.850536 -0.052973 0.523196
1341848001.032969 0.025571 -4.628930 -1.501820 -0.006594 0.849957 -0.053898 0.524047
1341848001.062968 0.033308 -4.630890 -1.505480 -0.006668 0.848760 -0.055104 0.525856
1341848001.092968 0.042594 -4.629980 -1.509760 -0.007392 0.847421 -0.056569 0.527847
1341848001.122968 0.051351 -4.630860 -1.513670 -0.009013 0.845794 -0.056899 0.530391
1341848001.152968 0.059953 -4.632440 -1.518860 -0.010541 0.843812 -0.057299 0.533467
1341848001.182968 0.069521 -4.632840 -1.522840 -0.011827 0.842244 -0.058043 0.535832
1341848001.212968 0.078731 -4.633860 -1.528460 -0.013374 0.841000 -0.058235 0.537726
1341848001.242968 0.087394 -4.640270 -1.531350 -0.014500 0.840635 -0.058029 0.538289
1341848001.272968 0.095951 -4.643460 -1.536510 -0.013746 0.840500 -0.059603 0.538347
1341848001.302968 0.105778 -4.643490 -1.542770 -0.012389 0.840546 -0.061520 0.538094
1341848001.332968 0.115661 -4.644090 -1.548930 -0.011542 0.840898 -0.063311 0.537354
1341848001.362968 0.124516 -4.645830 -1.555670 -0.010580 0.841252 -0.065113 0.536603
1341848001.392968 0.135169 -4.643760 -1.563140 -0.009336 0.841523 -0.067296 0.535932
1341848001.422968 0.145816 -4.641180 -1.570930 -0.008515 0.841673 -0.067536 0.535679
1341848001.452968 0.155777 -4.641310 -1.578930 -0.008205 0.842047 -0.066344 0.535246
1341848001.482968 0.165250 -4.644170 -1.584860 -0.007536 0.842649 -0.065233 0.534444
1341848001.512968 0.174895 -4.645550 -1.591940 -0.006305 0.843236 -0.065266 0.533530
1341848001.542968 0.184551 -4.647600 -1.597940 -0.005256 0.843589 -0.065599 0.532941
1341848001.572968 0.193788 -4.649180 -1.603020 -0.004154 0.843755 -0.066544 0.532572
1341848001.602968 0.212457 -4.647250 -1.618700 -0.002984 0.843833 -0.067827 0.532294
1341848001.632968 0.220356 -4.651230 -1.623670 -0.003663 0.844527 -0.067836 0.531187
1341848001.662968 0.235019 -4.653060 -1.636500 -0.002504 0.845393 -0.071116 0.529384
1341848001.692968 0.241755 -4.655680 -1.642870 -0.002099 0.845718 -0.071821 0.528770
1341848001.722968 0.248652 -4.659280 -1.646700 -0.001678 0.846069 -0.073025 0.528045
1341848001.752968 0.254940 -4.662660 -1.651350 -0.000958 0.846053 -0.075263 0.527758
1341848001.782968 0.261959 -4.662390 -1.657760 -0.000191 0.846014 -0.078552 0.527342
1341848001.812968 0.269690 -4.662550 -1.662430 -0.000154 0.846400 -0.080926 0.526363
1341848001.842968 0.275831 -4.665780 -1.666520 -0.000239 0.847003 -0.082657 0.525123
1341848001.872968 0.282478 -4.667570 -1.670750 0.000749 0.847512 -0.085002 0.523926
1341848001.902968 0.290266 -4.665320 -1.676090 0.002091 0.847679 -0.087218 0.523287
1341848001.932968 0.298314 -4.664940 -1.681150 0.002513 0.848030 -0.087502 0.522668
1341848001.962968 0.305270 -4.668490 -1.683370 0.002252 0.848584 -0.087324 0.521800
1341848001.992968 0.312913 -4.669960 -1.685290 0.002651 0.849322 -0.088716 0.520360
1341848002.022968 0.321145 -4.668240 -1.689530 0.003039 0.849986 -0.090156 0.519025
1341848002.052968 0.328664 -4.671070 -1.690240 0.002761 0.851233 -0.090231 0.516966
1341848002.082968 0.335972 -4.673750 -1.691000 0.003963 0.852524 -0.090967 0.514696
1341848002.112967 0.344246 -4.672370 -1.693500 0.006011 0.853622 -0.092461 0.512586
1341848002.142967 0.353782 -4.669160 -1.695490 0.007389 0.854976 -0.093193 0.510174
1341848002.172967 0.362803 -4.667750 -1.696100 0.007509 0.856765 -0.092551 0.507278
1341848002.202967 0.371616 -4.668670 -1.696230 0.007490 0.858857 -0.091548 0.503912
1341848002.232967 0.380149 -4.669070 -1.695780 0.007319 0.860893 -0.091339 0.500467
1341848002.262967 0.389138 -4.670170 -1.694170 0.007319 0.862861 -0.091511 0.497035
1341848002.292967 0.399122 -4.670840 -1.691620 0.007923 0.864779 -0.092749 0.493450
1341848002.322967 0.409531 -4.666770 -1.691590 0.008562 0.866586 -0.094725 0.489879
1341848002.352967 0.420701 -4.665490 -1.689190 0.007693 0.868704 -0.095036 0.486068
1341848002.382967 0.431287 -4.664850 -1.686730 0.006907 0.870660 -0.095555 0.482465
1341848002.412967 0.442039 -4.664090 -1.683550 0.006688 0.872555 -0.095864 0.478970
1341848002.442967 0.453564 -4.663820 -1.679530 0.006826 0.874485 -0.096197 0.475369
1341848002.472967 0.463717 -4.663900 -1.676740 0.007464 0.876149 -0.097060 0.472109
1341848002.502967 0.476215 -4.660450 -1.672850 0.008169 0.878025 -0.098902 0.468213
1341848002.532967 0.488316 -4.657900 -1.669220 0.007445 0.879899 -0.099522 0.464562
1341848002.562967 0.499227 -4.659740 -1.663970 0.005531 0.882039 -0.099716 0.460471
1341848002.592967 0.509609 -4.659930 -1.659790 0.004391 0.883896 -0.101879 0.456431
1341848002.622967 0.521931 -4.657910 -1.654490 0.003695 0.886056 -0.104180 0.451704
1341848002.652967 0.532852 -4.656900 -1.650090 0.002933 0.888300 -0.105660 0.446934
1341848002.682967 0.543579 -4.655580 -1.647120 0.002303 0.890471 -0.107005 0.442274
1341848002.712967 0.554668 -4.654630 -1.642670 0.001700 0.892815 -0.107944 0.437294
1341848002.742967 0.564370 -4.654810 -1.638770 0.001409 0.895037 -0.108269 0.432649
1341848002.772967 0.573841 -4.655780 -1.634020 0.001442 0.897174 -0.108544 0.428129
1341848002.802967 0.582857 -4.655620 -1.630290 0.001990 0.899225 -0.109557 0.423542
1341848002.832967 0.592221 -4.654270 -1.626690 0.002362 0.901354 -0.110549 0.418730
1341848002.862967 0.600384 -4.655810 -1.622320 0.002012 0.903493 -0.110823 0.414022
1341848002.892967 0.607934 -4.658260 -1.617750 0.002243 0.905255 -0.112196 0.409781
1341848002.922967 0.614851 -4.658410 -1.614210 0.003767 0.906807 -0.114735 0.405613
1341848002.952967 0.623418 -4.657070 -1.610720 0.005575 0.908443 -0.116756 0.401333
1341848002.982967 0.630624 -4.656240 -1.607890 0.007410 0.909926 -0.118000 0.397561
1341848003.012967 0.637572 -4.656570 -1.604580 0.008978 0.911358 -0.118742 0.394013
1341848003.042967 0.644847 -4.653800 -1.602460 0.010658 0.912398 -0.119810 0.391231
1341848003.072967 0.651268 -4.651640 -1.601460 0.011250 0.913161 -0.118922 0.389702
1341848003.102967 0.656316 -4.654830 -1.598090 0.010700 0.913901 -0.117306 0.388472
1341848003.132967 0.668684 -4.653440 -1.591940 0.013788 0.915121 -0.119835 0.384711
1341848003.162966 0.675436 -4.651810 -1.589530 0.014655 0.915966 -0.119966 0.382621
1341848003.192966 0.680730 -4.651580 -1.587310 0.015011 0.916695 -0.119611 0.380971
1341848003.222966 0.686890 -4.649570 -1.585640 0.015254 0.917362 -0.119588 0.379360
1341848003.252966 0.693142 -4.647830 -1.583990 0.014728 0.918307 -0.118623 0.377390
1341848003.282966 0.698741 -4.649040 -1.581540 0.013052 0.919635 -0.117566 0.374539
1341848003.312966 0.705152 -4.648050 -1.579750 0.012059 0.920982 -0.117718 0.371201
1341848003.342966 0.710560 -4.648120 -1.577810 0.010910 0.922538 -0.117318 0.367478
1341848003.372966 0.715377 -4.651030 -1.574560 0.009752 0.924207 -0.117312 0.363295
1341848003.402966 0.720859 -4.653450 -1.571300 0.010165 0.925797 -0.119097 0.358626
1341848003.432966 0.726829 -4.652720 -1.570130 0.011447 0.927363 -0.122428 0.353382
1341848003.462966 0.734294 -4.651420 -1.568410 0.012447 0.929157 -0.125400 0.347545
1341848003.492966 0.740781 -4.652220 -1.565880 0.012187 0.930820 -0.127567 0.342275
1341848003.522966 0.746996 -4.653340 -1.564500 0.011497 0.932244 -0.130234 0.337385
1341848003.552966 0.754672 -4.653030 -1.561730 0.010492 0.933806 -0.133432 0.331802
1341848003.582966 0.762726 -4.652370 -1.560480 0.009115 0.935473 -0.136230 0.325959
1341848003.612966 0.770383 -4.653550 -1.558400 0.007246 0.937114 -0.138822 0.320147
1341848003.642966 0.777319 -4.654020 -1.556960 0.006315 0.938595 -0.142140 0.314318
1341848003.672966 0.785482 -4.651800 -1.556410 0.006112 0.940138 -0.145298 0.308208
1341848003.702966 0.794014 -4.650340 -1.555950 0.005086 0.941768 -0.147053 0.302363
1341848003.732966 0.800705 -4.651300 -1.555090 0.003829 0.943136 -0.148429 0.297404
1341848003.762966 0.807617 -4.649750 -1.555700 0.002901 0.944184 -0.150352 0.293090
1341848003.792966 0.814273 -4.648290 -1.556500 0.000908 0.945072 -0.151305 0.289732
1341848003.822966 0.820257 -4.650900 -1.556280 -0.002026 0.945740 -0.151394 0.287492
1341848003.852966 0.825599 -4.651520 -1.556840 -0.004535 0.945894 -0.153463 0.285855
1341848003.882966 0.832914 -4.649990 -1.557400 -0.006593 0.945831 -0.155085 0.285146
1341848003.912966 0.838916 -4.650060 -1.557920 -0.007969 0.945787 -0.155507 0.285029
1341848003.942966 0.844016 -4.649070 -1.559250 -0.007859 0.945634 -0.155766 0.285397
1341848003.972966 0.849464 -4.648810 -1.559990 -0.007297 0.945517 -0.154561 0.286454
1341848004.002966 0.854441 -4.649140 -1.560330 -0.005709 0.945391 -0.153623 0.287408
1341848004.032966 0.859291 -4.645580 -1.563170 -0.003224 0.945122 -0.153129 0.288593
1341848004.062966 0.863266 -4.643020 -1.565880 -0.001813 0.944972 -0.150347 0.290553
1341848004.092966 0.866859 -4.642110 -1.567060 -0.000692 0.944833 -0.146025 0.293202
1341848004.122966 0.870078 -4.641600 -1.568580 0.001028 0.944521 -0.141674 0.296322
1341848004.152966 0.873301 -4.640300 -1.569970 0.003265 0.944134 -0.137464 0.299508
1341848004.182966 0.875956 -4.640100 -1.571290 0.004919 0.944082 -0.133345 0.301501
1341848004.212965 0.878248 -4.640820 -1.571900 0.005239 0.944012 -0.130202 0.303086
1341848004.242965 0.880433 -4.641700 -1.572360 0.005112 0.943694 -0.128830 0.304662
1341848004.272965 0.883621 -4.639240 -1.574000 0.005641 0.943320 -0.128520 0.305938
1341848004.302965 0.886513 -4.637290 -1.575150 0.005018 0.943039 -0.126807 0.307527
1341848004.332965 0.889228 -4.635830 -1.575790 0.004088 0.942961 -0.124790 0.308602
1341848004.362965 0.892559 -4.632390 -1.577100 0.004112 0.942994 -0.122643 0.309362
1341848004.392965 0.895323 -4.629880 -1.577640 0.003053 0.943337 -0.118588 0.309907
1341848004.422965 0.898460 -4.629210 -1.577770 0.001256 0.943780 -0.114269 0.310193
1341848004.452965 0.901940 -4.627610 -1.577460 -0.000026 0.943979 -0.111426 0.310624
1341848004.482965 0.904350 -4.625170 -1.578030 -0.001191 0.943787 -0.108712 0.312164
1341848004.512965 0.907448 -4.621930 -1.578290 -0.002236 0.943574 -0.105071 0.314043
1341848004.542965 0.909874 -4.620100 -1.577320 -0.003532 0.943482 -0.100982 0.315645
1341848004.572965 0.912090 -4.617220 -1.577020 -0.004047 0.943345 -0.096641 0.317404
1341848004.602965 0.914813 -4.614020 -1.576400 -0.004525 0.943142 -0.090156 0.319899
1341848004.632965 0.915371 -4.612900 -1.576490 -0.004791 0.942781 -0.082887 0.322911
1341848004.662965 0.917290 -4.611690 -1.575700 -0.004527 0.942506 -0.077376 0.325075
1341848004.692965 0.919297 -4.610760 -1.575170 -0.004616 0.941921 -0.073759 0.327601
1341848004.722965 0.921785 -4.609860 -1.573800 -0.004695 0.941081 -0.071557 0.330491
1341848004.752965 0.924444 -4.609060 -1.572750 -0.005210 0.940017 -0.069424 0.333947
1341848004.782965 0.927113 -4.607810 -1.571860 -0.006065 0.938782 -0.067838 0.337712
1341848004.812965 0.929531 -4.606900 -1.570090 -0.006645 0.937494 -0.066164 0.341589
1341848004.842965 0.931732 -4.606070 -1.568990 -0.007374 0.936266 -0.064223 0.345293
1341848004.872965 0.933997 -4.606110 -1.567200 -0.008080 0.934926 -0.062512 0.349199
1341848004.902965 0.936954 -4.605380 -1.565690 -0.007769 0.933698 -0.061709 0.352618
1341848004.932965 0.938959 -4.604520 -1.564210 -0.006920 0.932412 -0.060959 0.356152
1341848004.962965 0.941551 -4.603880 -1.562530 -0.006445 0.931210 -0.059820 0.359483
1341848004.992965 0.943636 -4.604180 -1.560240 -0.006080 0.929824 -0.058572 0.363263
1341848005.022965 0.946316 -4.604270 -1.558010 -0.005460 0.928284 -0.058092 0.367266
1341848005.052965 0.949057 -4.604530 -1.555480 -0.004771 0.926484 -0.058301 0.371761
1341848005.082965 0.952516 -4.603870 -1.553290 -0.003915 0.924719 -0.058798 0.376061
1341848005.112965 0.955204 -4.604300 -1.550320 -0.003386 0.922942 -0.059897 0.380235
1341848005.142965 0.957999 -4.604350 -1.547440 -0.002439 0.921079 -0.061750 0.384440
1341848005.172965 0.960845 -4.603550 -1.545290 -0.001642 0.919148 -0.063692 0.388725
1341848005.202965 0.963383 -4.603770 -1.542410 -0.001285 0.917215 -0.065574 0.392957
1341848005.232965 0.965654 -4.603620 -1.539760 -0.000540 0.915336 -0.067617 0.396972
1341848005.262964 0.967771 -4.603700 -1.536540 0.000083 0.913434 -0.069447 0.401017
1341848005.292964 0.968723 -4.604230 -1.533840 0.000954 0.911408 -0.071430 0.405256
1341848005.322964 0.969555 -4.604350 -1.531850 0.002109 0.909479 -0.073472 0.409200
1341848005.352964 0.969592 -4.605970 -1.528950 0.002319 0.907570 -0.075502 0.413051
1341848005.382964 0.970774 -4.606820 -1.525200 0.003014 0.905714 -0.078342 0.416576
1341848005.412964 0.970727 -4.608310 -1.522330 0.003909 0.903813 -0.080951 0.420183
1341848005.442964 0.970826 -4.609150 -1.519450 0.005388 0.902117 -0.083803 0.423241
1341848005.472964 0.970472 -4.609100 -1.517610 0.007046 0.900266 -0.086606 0.426581
1341848005.502964 0.969984 -4.610130 -1.515090 0.008639 0.898595 -0.088822 0.429608
1341848005.532964 0.968664 -4.611700 -1.513190 0.010177 0.897072 -0.091389 0.432211
1341848005.562964 0.967389 -4.611190 -1.511700 0.012273 0.895471 -0.094025 0.434902
1341848005.592964 0.966731 -4.611130 -1.507990 0.013557 0.894322 -0.095666 0.436866
1341848005.622964 0.962608 -4.610490 -1.504670 0.016304 0.891480 -0.097626 0.442117
1341848005.652964 0.961972 -4.610840 -1.501030 0.016894 0.890424 -0.098020 0.444130
1341848005.682964 0.959500 -4.611410 -1.498760 0.017856 0.888691 -0.098739 0.447392
1341848005.712964 0.957490 -4.610490 -1.496240 0.019137 0.886783 -0.099536 0.450934
1341848005.742964 0.956202 -4.610070 -1.492900 0.019574 0.884931 -0.099602 0.454526
1341848005.772964 0.953364 -4.611140 -1.490120 0.020087 0.882750 -0.099662 0.458712
1341848005.802964 0.950458 -4.611850 -1.487620 0.021481 0.880615 -0.100176 0.462624
1341848005.832964 0.947590 -4.611670 -1.485710 0.023594 0.878720 -0.100700 0.465998
1341848005.862964 0.944112 -4.611890 -1.484560 0.025812 0.877012 -0.100849 0.469055
1341848005.892964 0.940615 -4.614040 -1.481880 0.027553 0.875581 -0.101164 0.471556
1341848005.922964 0.936565 -4.616770 -1.477820 0.030026 0.874051 -0.102317 0.473987
1341848005.952964 0.932879 -4.617860 -1.475610 0.033218 0.872081 -0.104580 0.476901
1341848005.982964 0.929406 -4.617700 -1.473540 0.035872 0.869894 -0.106313 0.480307
1341848006.012964 0.925594 -4.619080 -1.470390 0.037426 0.867654 -0.107368 0.483991
1341848006.042964 0.921443 -4.619520 -1.470100 0.039316 0.864949 -0.109027 0.488294
1341848006.072964 0.918050 -4.618560 -1.468350 0.041051 0.862295 -0.110525 0.492489
1341848006.102964 0.914931 -4.618030 -1.465440 0.041896 0.859736 -0.111257 0.496710
1341848006.132964 0.911121 -4.617740 -1.464040 0.042054 0.856765 -0.111199 0.501816
1341848006.162964 0.907820 -4.617020 -1.462810 0.041873 0.853579 -0.110820 0.507315
1341848006.192964 0.904455 -4.617050 -1.459280 0.041115 0.850235 -0.109985 0.513141
1341848006.222964 0.900731 -4.617670 -1.459160 0.040829 0.846171 -0.108683 0.520110
1341848006.252964 0.895802 -4.618220 -1.460580 0.041462 0.841876 -0.107320 0.527265
1341848006.282964 0.892019 -4.619320 -1.459510 0.042633 0.838067 -0.106084 0.533453
1341848006.312963 0.888494 -4.620890 -1.456730 0.043771 0.834531 -0.105030 0.539083
1341848006.342963 0.884713 -4.624830 -1.452570 0.044928 0.831087 -0.104215 0.544441
1341848006.372963 0.881382 -4.627140 -1.447240 0.047237 0.827836 -0.105295 0.548971
1341848006.402963 0.878504 -4.626540 -1.444230 0.049808 0.824645 -0.106885 0.553223
1341848006.432963 0.874809 -4.628250 -1.440010 0.050395 0.821744 -0.107433 0.557364
1341848006.462963 0.870754 -4.629530 -1.434790 0.050820 0.818786 -0.108430 0.561472
1341848006.492963 0.866754 -4.628730 -1.430790 0.051542 0.815758 -0.109114 0.565665
1341848006.522963 0.862487 -4.629110 -1.426180 0.051518 0.813176 -0.108706 0.569451
1341848006.552963 0.858085 -4.629250 -1.420550 0.051376 0.811094 -0.108390 0.572484
1341848006.582963 0.853534 -4.628030 -1.415760 0.051368 0.809097 -0.108315 0.575318
1341848006.612963 0.847718 -4.626830 -1.409510 0.050722 0.807209 -0.107644 0.578146
1341848006.642963 0.841900 -4.627580 -1.402580 0.049390 0.805491 -0.106514 0.580861
1341848006.672963 0.835481 -4.628070 -1.395110 0.049015 0.803268 -0.106265 0.584008
1341848006.702963 0.828871 -4.625870 -1.389750 0.049428 0.801047 -0.106506 0.586972
1341848006.732963 0.821810 -4.623810 -1.383330 0.048770 0.799304 -0.105422 0.589594
1341848006.762963 0.814606 -4.621000 -1.376870 0.048080 0.797717 -0.103991 0.592049
1341848006.792963 0.806473 -4.619110 -1.369220 0.046791 0.796363 -0.101744 0.594361
1341848006.822963 0.797844 -4.620490 -1.361170 0.045265 0.795063 -0.099442 0.596604
1341848006.852963 0.788629 -4.621490 -1.351970 0.045130 0.793535 -0.099273 0.598674
1341848006.882963 0.780047 -4.616770 -1.345230 0.045820 0.792016 -0.100730 0.600387
1341848006.912963 0.771183 -4.612330 -1.338790 0.044268 0.791016 -0.099997 0.601942
1341848006.942963 0.761682 -4.610810 -1.331760 0.041568 0.790439 -0.097729 0.603264
1341848006.972963 0.752066 -4.609440 -1.324610 0.039705 0.790052 -0.095477 0.604256
1341848007.002963 0.742424 -4.606890 -1.317440 0.038430 0.789519 -0.093525 0.605340
1341848007.032963 0.732342 -4.606960 -1.309920 0.037573 0.788825 -0.091042 0.606676
1341848007.062963 0.722703 -4.604510 -1.303880 0.038286 0.787572 -0.089497 0.608486
1341848007.092963 0.713328 -4.600770 -1.296280 0.038106 0.786408 -0.086787 0.610392
1341848007.122963 0.703594 -4.600620 -1.289620 0.036753 0.785104 -0.083081 0.612665
1341848007.152963 0.694016 -4.600140 -1.281900 0.036641 0.783741 -0.081035 0.614688
1341848007.182963 0.684058 -4.599060 -1.274750 0.037100 0.781956 -0.079909 0.617076
1341848007.212963 0.675352 -4.595600 -1.269000 0.037885 0.779884 -0.078981 0.619764
1341848007.242963 0.666274 -4.593580 -1.263190 0.038056 0.777859 -0.077734 0.622450
1341848007.272963 0.656798 -4.593260 -1.256410 0.038295 0.775861 -0.076806 0.625039
1341848007.302963 0.647731 -4.592640 -1.250480 0.038392 0.773513 -0.076321 0.627996
1341848007.332963 0.638981 -4.592130 -1.244640 0.038293 0.770681 -0.076326 0.631474
1341848007.362962 0.630929 -4.590130 -1.239280 0.038386 0.767235 -0.077045 0.635564
1341848007.392962 0.623176 -4.587860 -1.233810 0.037981 0.763313 -0.077323 0.640259
1341848007.422962 0.615473 -4.585050 -1.228760 0.037120 0.758938 -0.077211 0.645502
1341848007.452962 0.607963 -4.583390 -1.223870 0.035537 0.754254 -0.077020 0.651080
1341848007.482962 0.600434 -4.581660 -1.219330 0.033700 0.749310 -0.076543 0.656917
1341848007.512962 0.593075 -4.579880 -1.215060 0.031810 0.744387 -0.075880 0.662660
1341848007.542962 0.585658 -4.578520 -1.211020 0.030410 0.739869 -0.075001 0.667866
1341848007.572962 0.578313 -4.577860 -1.206690 0.029266 0.735599 -0.074302 0.672694
1341848007.602962 0.571265 -4.576010 -1.203540 0.029000 0.731267 -0.073739 0.677473
1341848007.632962 0.563989 -4.573630 -1.200250 0.028294 0.726701 -0.072988 0.682479
1341848007.662962 0.556276 -4.572990 -1.197870 0.026585 0.721715 -0.071997 0.687923
1341848007.692962 0.548782 -4.574080 -1.195910 0.024759 0.716557 -0.071751 0.693386
1341848007.722962 0.541800 -4.573600 -1.195740 0.024582 0.711780 -0.072409 0.698227
1341848007.752962 0.534779 -4.572520 -1.195180 0.024561 0.707308 -0.072199 0.702780
1341848007.782962 0.527068 -4.572710 -1.193870 0.024484 0.703132 -0.071662 0.707015
1341848007.812962 0.519642 -4.572440 -1.193690 0.024972 0.699230 -0.071157 0.710908
1341848007.842962 0.512236 -4.570820 -1.191800 0.025249 0.695316 -0.070342 0.714808
1341848007.872962 0.504320 -4.570790 -1.191570 0.025222 0.691154 -0.068970 0.718966
1341848007.902962 0.496399 -4.571690 -1.192670 0.025040 0.687017 -0.067611 0.723056
1341848007.932962 0.488380 -4.572270 -1.194130 0.025317 0.682886 -0.067075 0.726998
1341848007.962962 0.480387 -4.572200 -1.194070 0.025903 0.679134 -0.066777 0.730512
1341848007.992962 0.472379 -4.571460 -1.194070 0.025916 0.675955 -0.066361 0.733491
1341848008.022962 0.464205 -4.572480 -1.195150 0.025386 0.672833 -0.065619 0.736441
1341848008.052962 0.456495 -4.571810 -1.194840 0.025472 0.669828 -0.065484 0.739184
1341848008.082962 0.448954 -4.570760 -1.194390 0.025438 0.666905 -0.064855 0.741879
1341848008.112962 0.440756 -4.571330 -1.194220 0.024949 0.664060 -0.063621 0.744549
1341848008.142962 0.433262 -4.572090 -1.195460 0.024511 0.661050 -0.062478 0.747335
1341848008.172962 0.425937 -4.572500 -1.195370 0.024014 0.658203 -0.061889 0.749908
1341848008.202962 0.418456 -4.574740 -1.195880 0.023752 0.655305 -0.061617 0.752472
1341848008.232962 0.411523 -4.574810 -1.195180 0.024112 0.652869 -0.061879 0.754554
1341848008.262962 0.405156 -4.573950 -1.194600 0.023881 0.650559 -0.061775 0.756563
1341848008.292962 0.398816 -4.574620 -1.194520 0.022920 0.648300 -0.061202 0.758575
1341848008.322962 0.393285 -4.574030 -1.193990 0.021974 0.646230 -0.060917 0.760390
1341848008.352962 0.388214 -4.572300 -1.192590 0.020526 0.644559 -0.060278 0.761898
1341848008.382962 0.383324 -4.571980 -1.191980 0.018161 0.642939 -0.059276 0.763404
1341848008.412961 0.378791 -4.572870 -1.192360 0.015850 0.641436 -0.057905 0.764824
1341848008.442961 0.373942 -4.573600 -1.191720 0.014383 0.640359 -0.057133 0.765813
1341848008.472961 0.369992 -4.572700 -1.191620 0.014004 0.638965 -0.056801 0.767008
1341848008.502961 0.366483 -4.572230 -1.191580 0.013229 0.637265 -0.056089 0.768487
1341848008.532961 0.363287 -4.569540 -1.189630 0.012383 0.635918 -0.054889 0.769702
1341848008.562961 0.360278 -4.568860 -1.188650 0.010742 0.634483 -0.053179 0.771030
1341848008.592961 0.357747 -4.568010 -1.187830 0.009644 0.633200 -0.051450 0.772216
1341848008.622961 0.355232 -4.566840 -1.186960 0.008705 0.632500 -0.049961 0.772898
1341848008.652961 0.353175 -4.566200 -1.186760 0.007626 0.632077 -0.048786 0.773331
1341848008.682961 0.350942 -4.564670 -1.185470 0.006544 0.632118 -0.047674 0.773376
1341848008.712961 0.349265 -4.562260 -1.184060 0.005120 0.632063 -0.046381 0.773510
1341848008.742961 0.347979 -4.561010 -1.183780 0.002859 0.632235 -0.044667 0.773483
1341848008.772961 0.346645 -4.560560 -1.183620 0.001107 0.632438 -0.043280 0.773401
1341848008.802961 0.345716 -4.560600 -1.183560 -0.000159 0.632465 -0.042279 0.773435
1341848008.832961 0.344892 -4.560670 -1.183640 -0.001264 0.632499 -0.041284 0.773459
1341848008.862961 0.344915 -4.559990 -1.184520 -0.001859 0.632573 -0.040628 0.773433
1341848008.892961 0.344838 -4.559030 -1.184890 -0.002183 0.633078 -0.039966 0.773052
1341848008.922961 0.344546 -4.557260 -1.184660 -0.002791 0.633900 -0.039109 0.772420
1341848008.952961 0.344830 -4.555700 -1.185000 -0.003813 0.634759 -0.038088 0.771761
1341848008.982961 0.345095 -4.555000 -1.185790 -0.005059 0.635315 -0.036680 0.771365
1341848009.012961 0.345484 -4.553430 -1.186370 -0.006010 0.635788 -0.035417 0.771027
1341848009.042961 0.345954 -4.552510 -1.187070 -0.007348 0.636218 -0.034192 0.770716
1341848009.072961 0.345943 -4.552040 -1.187340 -0.008586 0.636740 -0.032959 0.770326
1341848009.102961 0.346334 -4.551090 -1.187330 -0.009593 0.637428 -0.032028 0.769785
1341848009.132961 0.346593 -4.550440 -1.187590 -0.010724 0.638245 -0.030891 0.769139
1341848009.162961 0.347194 -4.549570 -1.188320 -0.012062 0.638953 -0.029835 0.768572
1341848009.192961 0.347975 -4.548290 -1.189070 -0.012915 0.639373 -0.029065 0.768239
1341848009.222961 0.348623 -4.547430 -1.189500 -0.013657 0.639559 -0.028420 0.768095
1341848009.252961 0.349026 -4.546590 -1.189120 -0.014718 0.639967 -0.027177 0.767781
1341848009.282961 0.350162 -4.545850 -1.190290 -0.015532 0.640210 -0.026489 0.767586
1341848009.312961 0.350914 -4.544720 -1.190540 -0.016044 0.640574 -0.026248 0.767280
1341848009.342961 0.351391 -4.544720 -1.190570 -0.017209 0.640920 -0.025797 0.766981
1341848009.372961 0.352383 -4.543600 -1.191490 -0.018156 0.641269 -0.025690 0.766671
1341848009.402961 0.352756 -4.544140 -1.192110 -0.019153 0.641615 -0.025444 0.766366
1341848009.432961 0.353225 -4.543500 -1.192210 -0.020164 0.642109 -0.025863 0.765911
1341848009.462960 0.354094 -4.543660 -1.192940 -0.021320 0.642348 -0.026210 0.765668
1341848009.492960 0.354562 -4.543290 -1.192870 -0.021957 0.642841 -0.026705 0.765219
1341848009.522960 0.355512 -4.542980 -1.193450 -0.022660 0.643119 -0.027203 0.764948
1341848009.552960 0.356313 -4.542800 -1.194030 -0.023640 0.643546 -0.027625 0.764543
1341848009.582960 0.357126 -4.543390 -1.194450 -0.024723 0.644064 -0.027953 0.764061
1341848009.612960 0.358112 -4.542800 -1.194820 -0.025616 0.644627 -0.028239 0.763546
1341848009.642960 0.358904 -4.542590 -1.195000 -0.026488 0.645409 -0.028085 0.762861
1341848009.672960 0.359670 -4.542710 -1.195530 -0.027168 0.646168 -0.027786 0.762205
1341848009.702960 0.360514 -4.542690 -1.196050 -0.027487 0.647012 -0.028016 0.761469
