1341847980.722988 0.750000 -4.500000 -2.162880 -0.000000 0.000000 0.000000 1.000000
1341847980.752988 0.749559 -4.499100 -2.162390 0.000170 -0.000678 -0.000167 1.000000
1341847980.782988 0.744382 -4.497940 -2.162410 -0.000278 -0.000712 -0.000284 1.000000
1341847980.812988 0.746368 -4.498680 -2.163620 -0.000914 -0.002074 -0.000215 0.999997
1341847980.842988 0.743022 -4.497900 -2.161910 -0.000835 -0.001788 -0.000021 0.999998
1341847980.872988 0.743997 -4.498430 -2.162910 -0.001162 -0.002150 0.000032 0.999997
1341847980.902988 0.743862 -4.498630 -2.162560 -0.000949 -0.002243 -0.000077 0.999997
1341847980.932988 0.742290 -4.498450 -2.162730 -0.000959 -0.002164 -0.000138 0.999997
1341847980.962988 0.740119 -4.499090 -2.162750 -0.000886 -0.002032 0.000151 0.999998
1341847980.992988 0.740014 -4.497850 -2.162030 -0.000597 -0.002196 0.000451 0.999997
1341847981.022988 0.738913 -4.498820 -2.161340 -0.000776 -0.002297 0.000940 0.999997
1341847981.052988 0.738899 -4.498930 -2.162250 -0.000425 -0.002314 0.001613 0.999996
1341847981.082988 0.736212 -4.499110 -2.161700 -0.000090 -0.001488 0.002254 0.999996
1341847981.112988 0.736272 -4.497870 -2.162290 0.000526 -0.001562 0.002495 0.999996
1341847981.142987 0.732891 -4.496690 -2.161430 0.000356 -0.000869 0.002665 0.999996
1341847981.172987 0.733798 -4.498550 -2.162750 -0.000269 -0.001045 0.002881 0.999995
1341847981.202987 0.731522 -4.499860 -2.164520 0.000281 -0.000144 0.003218 0.999995
1341847981.232987 0.729839 -4.499770 -2.163460 0.001326 0.000325 0.003299 0.999994
1341847981.262987 0.728211 -4.499410 -2.163960 0.001905 0.000797 0.003690 0.999991
1341847981.292987 0.724871 -4.500680 -2.164540 0.002267 0.001800 0.004318 0.999986
1341847981.322987 0.721642 -4.499680 -2.164220 0.003158 0.002899 0.004584 0.999980
1341847981.352987 0.715427 -4.500540 -2.164940 0.003237 0.004461 0.004539 0.999975
1341847981.382987 0.716082 -4.501370 -2.166890 0.003878 0.004987 0.004577 0.999970
1341847981.412987 0.706924 -4.499690 -2.167690 0.004934 0.007352 0.004721 0.999950
1341847981.442987 0.705678 -4.498260 -2.168550 0.004831 0.008305 0.005098 0.999941
1341847981.472987 0.698821 -4.499990 -2.167970 0.003954 0.010700 0.005189 0.999921
1341847981.502987 0.692645 -4.500630 -2.170650 0.004467 0.013021 0.004805 0.999894
1341847981.532987 0.687381 -4.498720 -2.171000 0.005181 0.014771 0.004251 0.999868
1341847981.562987 0.680755 -4.498320 -2.174230 0.004765 0.016975 0.003682 0.999838
1341847981.592987 0.670253 -4.499370 -2.172410 0.004523 0.019727 0.003437 0.999789
1341847981.622987 0.663206 -4.498440 -2.174530 0.005106 0.021584 0.003240 0.999749
1341847981.652987 0.655777 -4.497890 -2.177240 0.004987 0.023891 0.002962 0.999698
1341847981.682987 0.649724 -4.498330 -2.177730 0.004716 0.025561 0.002445 0.999659
1341847981.712987 0.618804 -4.498960 -2.178630 0.004689 0.030020 0.003009 0.999534
1341847981.742987 0.615052 -4.498050 -2.181590 0.005090 0.030979 0.001845 0.999505
1341847981.772987 0.608819 -4.497140 -2.183570 0.004724 0.031987 0.000113 0.999477
1341847981.802987 0.596950 -4.499540 -2.182570 0.004020 0.033878 -0.000523 0.999418
1341847981.832987 0.584003 -4.500180 -2.182090 0.004703 0.036555 -0.000537 0.999320
1341847981.862987 0.580520 -4.500590 -2.185950 0.005272 0.037812 -0.000253 0.999271
1341847981.892987 0.569621 -4.502360 -2.185600 0.005961 0.040591 0.000411 0.999158
1341847981.922987 0.558236 -4.503630 -2.184120 0.007369 0.043479 0.001296 0.999026
1341847981.952987 0.543628 -4.502160 -2.181880 0.009177 0.046354 0.001694 0.998881
1341847981.982987 0.536194 -4.501870 -2.178270 0.009715 0.047094 0.002142 0.998841
1341847982.012987 0.529328 -4.502390 -2.180760 0.010037 0.048254 0.002952 0.998780
1341847982.042987 0.520093 -4.500370 -2.176660 0.010750 0.049189 0.003699 0.998725
1341847982.072987 0.513565 -4.499740 -2.176560 0.010153 0.049752 0.004322 0.998701
1341847982.102987 0.510306 -4.501640 -2.177080 0.009254 0.049872 0.005393 0.998698
1341847982.132987 0.505363 -4.501920 -2.175970 0.009601 0.050462 0.006257 0.998660
1341847982.162987 0.497383 -4.500770 -2.175160 0.009749 0.051815 0.006364 0.998589
1341847982.192986 0.481710 -4.501520 -2.170100 0.008910 0.054296 0.006081 0.998467
1341847982.222986 0.483559 -4.501500 -2.173310 0.008429 0.053676 0.005718 0.998506
1341847982.252986 0.479206 -4.501020 -2.174130 0.007521 0.054337 0.005794 0.998478
1341847982.282986 0.477066 -4.503290 -2.177860 0.006081 0.054623 0.006614 0.998467
1341847982.312986 0.462742 -4.505330 -2.171880 0.006058 0.056266 0.007734 0.998367
1341847982.342986 0.460271 -4.504380 -2.172130 0.006762 0.056046 0.008826 0.998366
1341847982.372986 0.438382 -4.504540 -2.162530 0.006449 0.059844 0.009742 0.998139
1341847982.402986 0.433037 -4.507470 -2.162150 0.005664 0.060402 0.010134 0.998107
1341847982.432986 0.422818 -4.508460 -2.159350 0.006682 0.062025 0.009613 0.998006
1341847982.462986 0.407296 -4.506460 -2.153290 0.007445 0.064988 0.008510 0.997822
1341847982.492986 0.403878 -4.508310 -2.155590 0.006608 0.065503 0.007271 0.997804
1341847982.522986 0.396459 -4.510010 -2.156110 0.007158 0.067102 0.006090 0.997702
1341847982.552986 0.370371 -4.510270 -2.145450 0.008162 0.073139 0.005025 0.997276
1341847982.582986 0.360874 -4.511710 -2.144630 0.008927 0.076522 0.003793 0.997021
1341847982.612986 0.347064 -4.510940 -2.140000 0.010305 0.080569 0.001836 0.996694
1341847982.642986 0.331907 -4.511590 -2.136360 0.011095 0.084663 -0.000067 0.996348
1341847982.672986 0.320162 -4.510410 -2.134500 0.012485 0.088248 -0.001149 0.996020
1341847982.702986 0.308867 -4.507960 -2.132190 0.013340 0.091871 -0.002044 0.995679
1341847982.732986 0.296619 -4.508170 -2.133310 0.013171 0.095093 -0.002366 0.995378
1341847982.762986 0.286116 -4.508180 -2.128670 0.013898 0.097773 -0.001985 0.995110
1341847982.792986 0.276294 -4.506110 -2.129180 0.015162 0.100336 -0.001375 0.994837
1341847982.822986 0.268434 -4.505100 -2.132640 0.015858 0.101664 -0.000091 0.994692
1341847982.852986 0.250732 -4.499300 -2.129510 0.017318 0.106330 0.003819 0.994173
1341847982.882986 0.239750 -4.497760 -2.127870 0.016931 0.109144 0.005472 0.993867
1341847982.912986 0.237396 -4.495530 -2.131270 0.016737 0.110185 0.007139 0.993744
1341847982.942986 0.235869 -4.491160 -2.134070 0.016724 0.110794 0.008572 0.993666
1341847982.972986 0.237990 -4.486990 -2.142750 0.015254 0.111702 0.009840 0.993576
1341847983.002986 0.237458 -4.486020 -2.150300 0.012911 0.113347 0.011014 0.993410
1341847983.032986 0.239306 -4.484040 -2.158190 0.011659 0.114931 0.011477 0.993239
1341847983.062986 0.231697 -4.480520 -2.160630 0.010867 0.118401 0.011517 0.992840
1341847983.092986 0.227862 -4.477150 -2.164730 0.009194 0.121193 0.011372 0.992521
1341847983.122986 0.214696 -4.478480 -2.162000 0.007018 0.125655 0.011200 0.991986
1341847983.152986 0.205351 -4.478410 -2.162950 0.007009 0.130082 0.010550 0.991422
1341847983.182986 0.196765 -4.475990 -2.166610 0.007426 0.134261 0.009548 0.990872
1341847983.212986 0.182945 -4.477290 -2.166900 0.007185 0.139164 0.009077 0.990202
1341847983.242985 0.167930 -4.476280 -2.166990 0.008262 0.144992 0.008784 0.989359
1341847983.272985 0.151568 -4.475900 -2.163180 0.008534 0.151566 0.007931 0.988378
1341847983.302985 0.140820 -4.477250 -2.163990 0.008800 0.155357 0.006229 0.987800
1341847983.332985 0.126485 -4.477070 -2.164000 0.009620 0.159269 0.004363 0.987179
1341847983.362985 0.116182 -4.477010 -2.164160 0.009925 0.162623 0.002520 0.986635
1341847983.392985 0.107904 -4.479040 -2.165920 0.009789 0.165306 0.000863 0.986193
1341847983.422985 0.091908 -4.480730 -2.163140 0.010810 0.169435 -0.000259 0.985482
1341847983.452985 0.075154 -4.478850 -2.157780 0.012342 0.174069 -0.001004 0.984656
1341847983.482985 0.069883 -4.479650 -2.161740 0.012081 0.175814 -0.001538 0.984348
1341847983.512985 0.061899 -4.482220 -2.162630 0.012257 0.178295 -0.001796 0.983899
1341847983.542985 0.047508 -4.481310 -2.155750 0.013394 0.181779 -0.002240 0.983246
1341847983.572985 0.036295 -4.481890 -2.156560 0.013244 0.184894 -0.002435 0.982666
1341847983.602985 0.030161 -4.485010 -2.154890 0.013215 0.186689 -0.002399 0.982327
1341847983.632985 0.014085 -4.485990 -2.150900 0.014589 0.190699 -0.002544 0.981537
1341847983.662985 0.007970 -4.484700 -2.147570 0.015807 0.192529 -0.002784 0.981160
1341847983.692985 -0.001161 -4.485510 -2.143440 0.015669 0.195025 -0.002630 0.980670
1341847983.722985 -0.010699 -4.487790 -2.137310 0.015495 0.197888 -0.002175 0.980100
1341847983.752985 -0.014664 -4.489440 -2.135760 0.015951 0.199037 -0.001528 0.979861
1341847983.782985 -0.026506 -4.490390 -2.128900 0.016456 0.202489 -0.001113 0.979146
1341847983.812985 -0.040570 -4.493310 -2.115520 0.016456 0.206886 -0.001117 0.978226
1341847983.842985 -0.043716 -4.493760 -2.113810 0.017342 0.209026 -0.001831 0.977755
1341847983.872985 -0.050821 -4.493530 -2.108540 0.017283 0.211916 -0.002606 0.977132
1341847983.902985 -0.051220 -4.496890 -2.112870 0.016433 0.212803 -0.003140 0.976952
1341847983.932985 -0.061920 -4.498580 -2.104070 0.017350 0.216049 -0.002780 0.976224
1341847983.962985 -0.063971 -4.498620 -2.103100 0.018479 0.218231 -0.003118 0.975717
1341847983.992985 -0.072760 -4.499940 -2.094410 0.019105 0.222519 -0.003744 0.974734
1341847984.022985 -0.079875 -4.501930 -2.087570 0.019986 0.226212 -0.004340 0.973863
1341847984.052985 -0.088693 -4.501960 -2.079380 0.021568 0.230608 -0.004878 0.972796
1341847984.082985 -0.093480 -4.502470 -2.075130 0.022576 0.234137 -0.005557 0.971926
1341847984.112985 -0.105474 -4.503690 -2.062260 0.023544 0.239540 -0.006552 0.970579
1341847984.142985 -0.106470 -4.503890 -2.060480 0.025072 0.242096 -0.007532 0.969899
1341847984.172985 -0.118025 -4.502080 -2.047650 0.026675 0.247249 -0.008495 0.968547
1341847984.202985 -0.126628 -4.499750 -2.036380 0.026691 0.250942 -0.009174 0.967591
1341847984.232985 -0.132893 -4.501820 -2.032270 0.025504 0.254432 -0.008949 0.966713
1341847984.262985 -0.140001 -4.502760 -2.024970 0.025949 0.258209 -0.008266 0.965705
1341847984.292984 -0.147621 -4.501970 -2.016240 0.026680 0.262123 -0.007722 0.964635
1341847984.322984 -0.158110 -4.503680 -1.997290 0.027003 0.266489 -0.006827 0.963435
1341847984.352984 -0.159938 -4.502090 -1.996530 0.028551 0.268576 -0.006304 0.962815
1341847984.382984 -0.166268 -4.498070 -1.989540 0.028930 0.271633 -0.006371 0.961945
1341847984.412984 -0.176669 -4.498520 -1.972520 0.027201 0.276321 -0.006343 0.960659
1341847984.442984 -0.181658 -4.499170 -1.967390 0.026161 0.279886 -0.006695 0.959653
1341847984.472984 -0.187117 -4.498460 -1.959600 0.025789 0.283268 -0.006829 0.958670
1341847984.502984 -0.197804 -4.498730 -1.941520 0.025405 0.288417 -0.006298 0.957147
1341847984.532984 -0.204004 -4.499310 -1.935520 0.025570 0.292150 -0.005747 0.956013
1341847984.562984 -0.208561 -4.499420 -1.928490 0.026007 0.295560 -0.005624 0.954954
1341847984.592984 -0.218395 -4.500950 -1.909240 0.026190 0.300620 -0.005944 0.953366
1341847984.622984 -0.222584 -4.500710 -1.905060 0.026719 0.304237 -0.006909 0.952197
1341847984.652984 -0.223194 -4.500960 -1.907830 0.026808 0.307369 -0.007707 0.951181
1341847984.682984 -0.234824 -4.502210 -1.887550 0.027209 0.313704 -0.007985 0.949097
1341847984.712984 -0.244891 -4.500860 -1.870080 0.027749 0.320801 -0.008610 0.946701
1341847984.742984 -0.248759 -4.500840 -1.866150 0.027086 0.325685 -0.009338 0.945044
1341847984.772984 -0.256720 -4.501820 -1.853390 0.026282 0.331038 -0.010225 0.943196
1341847984.802984 -0.262732 -4.502270 -1.843650 0.025821 0.334921 -0.011464 0.941823
1341847984.832984 -0.269197 -4.503670 -1.838940 0.025083 0.339454 -0.012523 0.940205
1341847984.862984 -0.276148 -4.506390 -1.833790 0.025107 0.344654 -0.013533 0.938296
1341847984.892984 -0.286784 -4.506750 -1.818710 0.026707 0.351241 -0.014718 0.935788
1341847984.922984 -0.293095 -4.505860 -1.812990 0.028166 0.356398 -0.015637 0.933779
1341847984.952984 -0.303615 -4.506990 -1.797500 0.028891 0.362739 -0.016438 0.931298
1341847984.982984 -0.309756 -4.505400 -1.786790 0.030015 0.367557 -0.017864 0.929345
1341847985.012984 -0.316985 -4.504270 -1.778430 0.029590 0.372202 -0.018957 0.927486
1341847985.042984 -0.323370 -4.505850 -1.771470 0.028406 0.376295 -0.019444 0.925860
1341847985.072984 -0.330076 -4.506520 -1.761530 0.027803 0.380882 -0.019676 0.923996
1341847985.102984 -0.341794 -4.508970 -1.739350 0.027433 0.388114 -0.019274 0.921001
1341847985.132984 -0.343615 -4.509330 -1.735980 0.028107 0.391878 -0.019091 0.919389
1341847985.162984 -0.348776 -4.509330 -1.724260 0.028647 0.396761 -0.018989 0.917278
1341847985.192984 -0.353056 -4.510260 -1.715030 0.028957 0.400681 -0.018918 0.915564
1341847985.222984 -0.356957 -4.510500 -1.704630 0.029816 0.404364 -0.018846 0.913918
1341847985.252984 -0.360697 -4.509850 -1.693080 0.030377 0.408510 -0.018952 0.912051
1341847985.282984 -0.365016 -4.511680 -1.684150 0.030259 0.412542 -0.019156 0.910234
1341847985.312984 -0.370276 -4.513360 -1.671080 0.030806 0.416660 -0.019973 0.908321
1341847985.342983 -0.372391 -4.515010 -1.663120 0.031535 0.420176 -0.021446 0.906641
1341847985.372983 -0.377925 -4.515030 -1.647160 0.032441 0.424944 -0.023258 0.904339
1341847985.402983 -0.380792 -4.515300 -1.635670 0.032677 0.429635 -0.024894 0.902068
1341847985.432983 -0.384478 -4.516320 -1.618130 0.032461 0.434672 -0.026354 0.899618
1341847985.462983 -0.385435 -4.517700 -1.610130 0.032200 0.438811 -0.027373 0.897585
1341847985.492983 -0.387185 -4.517400 -1.593550 0.032372 0.443965 -0.028377 0.895010
1341847985.522983 -0.387446 -4.517710 -1.582240 0.031770 0.448720 -0.028310 0.892659
1341847985.552983 -0.388031 -4.520480 -1.570580 0.031184 0.453784 -0.027756 0.890133
1341847985.582983 -0.389583 -4.520020 -1.556590 0.031707 0.459085 -0.027431 0.887402
1341847985.612983 -0.390141 -4.519390 -1.543830 0.031665 0.463647 -0.026575 0.885055
1341847985.642983 -0.391729 -4.519370 -1.524470 0.031334 0.468554 -0.025365 0.882514
1341847985.672983 -0.391198 -4.519380 -1.512340 0.031022 0.472294 -0.023656 0.880577
1341847985.702983 -0.390334 -4.517970 -1.501050 0.030853 0.475228 -0.022203 0.879041
1341847985.732983 -0.390026 -4.518690 -1.487680 0.029549 0.478142 -0.020834 0.877538
1341847985.762983 -0.390296 -4.522140 -1.472310 0.029173 0.481205 -0.019936 0.875896
1341847985.792983 -0.392885 -4.521190 -1.453630 0.030610 0.485383 -0.020214 0.873532
1341847985.822983 -0.392028 -4.518850 -1.443580 0.031203 0.488348 -0.020680 0.871846
1341847985.852983 -0.391747 -4.518480 -1.429570 0.030630 0.491168 -0.020635 0.870282
1341847985.882983 -0.392440 -4.517870 -1.414340 0.030149 0.493883 -0.020488 0.868764
1341847985.912983 -0.393844 -4.516950 -1.400580 0.029486 0.496037 -0.020368 0.867562
1341847985.942983 -0.393447 -4.516960 -1.387640 0.028590 0.497437 -0.020232 0.866793
1341847985.972983 -0.395062 -4.517680 -1.371660 0.028044 0.498205 -0.019694 0.866382
1341847986.002983 -0.393884 -4.520730 -1.364220 0.028229 0.498048 -0.018512 0.866492
1341847986.032983 -0.392563 -4.521680 -1.356380 0.030613 0.498737 -0.018009 0.866025
1341847986.062983 -0.392564 -4.519820 -1.341490 0.033049 0.500812 -0.018277 0.864732
1341847986.092983 -0.391907 -4.518130 -1.327240 0.034069 0.502977 -0.018159 0.863437
1341847986.122983 -0.389808 -4.518150 -1.315550 0.034292 0.505158 -0.017503 0.862168
1341847986.152983 -0.390464 -4.518890 -1.300530 0.034471 0.508305 -0.016937 0.860320
1341847986.182983 -0.392680 -4.519490 -1.282890 0.035064 0.511195 -0.016279 0.858595
1341847986.212983 -0.390517 -4.520670 -1.271530 0.035767 0.513244 -0.015999 0.857348
1341847986.242983 -0.389202 -4.521410 -1.254950 0.036788 0.516590 -0.015935 0.855294
1341847986.272983 -0.389843 -4.523100 -1.235380 0.037611 0.520779 -0.015960 0.852714
1341847986.302983 -0.386848 -4.523620 -1.226450 0.039089 0.524716 -0.016266 0.850224
1341847986.332983 -0.384811 -4.520890 -1.209610 0.040290 0.529522 -0.016869 0.847171
1341847986.362983 -0.383023 -4.519280 -1.190390 0.039594 0.534595 -0.016430 0.844020
1341847986.392982 -0.381012 -4.521590 -1.174650 0.038295 0.538891 -0.015374 0.841364
1341847986.422982 -0.380140 -4.520360 -1.156910 0.038633 0.543661 -0.015334 0.838275
1341847986.452982 -0.376673 -4.514900 -1.140300 0.038048 0.548211 -0.015522 0.835330
1341847986.482982 -0.377222 -4.515920 -1.120590 0.034653 0.553241 -0.013967 0.832183
1341847986.512982 -0.378106 -4.521590 -1.103470 0.032912 0.558080 -0.012592 0.829039
1341847986.542982 -0.377344 -4.522820 -1.089610 0.034652 0.562777 -0.013086 0.825779
1341847986.572982 -0.375852 -4.520130 -1.071150 0.037089 0.567523 -0.014263 0.822398
1341847986.602982 -0.374423 -4.517250 -1.058060 0.038081 0.572056 -0.015262 0.819188
1341847986.632982 -0.373816 -4.514610 -1.039700 0.037576 0.577360 -0.016021 0.815467
1341847986.662982 -0.372119 -4.514860 -1.022670 0.035552 0.581930 -0.016211 0.812299
1341847986.692982 -0.372523 -4.517700 -1.007810 0.033906 0.586316 -0.016310 0.809208
1341847986.722982 -0.372423 -4.518690 -0.987568 0.033894 0.591350 -0.017046 0.805522
1341847986.752982 -0.369821 -4.518630 -0.976314 0.034049 0.595209 -0.017971 0.802648
1341847986.782982 -0.367914 -4.518040 -0.957488 0.033926 0.599672 -0.018645 0.799309
1341847986.812982 -0.366284 -4.519680 -0.944031 0.032956 0.603305 -0.018906 0.796605
1341847986.842982 -0.363475 -4.521740 -0.931470 0.032683 0.606009 -0.019275 0.794553
1341847986.872982 -0.360156 -4.522590 -0.916816 0.033746 0.608620 -0.019597 0.792502
1341847986.902982 -0.355578 -4.520380 -0.901846 0.035074 0.611091 -0.020019 0.790530
1341847986.932982 -0.351217 -4.519010 -0.887896 0.035106 0.613033 -0.019369 0.789039
1341847986.962982 -0.346583 -4.517920 -0.873736 0.034674 0.615631 -0.018217 0.787060
1341847986.992982 -0.340773 -4.517910 -0.861662 0.033584 0.618426 -0.016389 0.784954
1341847987.022982 -0.335768 -4.520900 -0.846920 0.032533 0.622053 -0.014553 0.782164
1341847987.052982 -0.328205 -4.518510 -0.834109 0.033069 0.624839 -0.013971 0.779928
1341847987.082982 -0.321596 -4.515480 -0.818095 0.032041 0.628288 -0.012592 0.777219
1341847987.112982 -0.314211 -4.516300 -0.804718 0.029492 0.630732 -0.010127 0.775374
1341847987.142982 -0.305907 -4.517750 -0.793528 0.027354 0.632886 -0.008631 0.773713
1341847987.172982 -0.296069 -4.513920 -0.780491 0.026124 0.634865 -0.008140 0.772138
1341847987.202982 -0.286647 -4.512020 -0.762077 0.023132 0.637344 -0.006270 0.770207
1341847987.232982 -0.277546 -4.513040 -0.752026 0.020309 0.638925 -0.004035 0.768991
1341847987.262982 -0.266815 -4.510920 -0.740629 0.018760 0.641176 -0.002783 0.767160
1341847987.292982 -0.255666 -4.506600 -0.727497 0.016974 0.644022 -0.001376 0.764817
1341847987.322982 -0.245491 -4.506350 -0.714417 0.014030 0.647265 0.000843 0.762136
1341847987.352982 -0.235776 -4.505710 -0.698585 0.012122 0.650307 0.002417 0.759571
1341847987.382982 -0.224441 -4.503150 -0.687990 0.010594 0.652675 0.003712 0.757554
1341847987.412982 -0.213072 -4.500800 -0.675993 0.008912 0.655694 0.005222 0.754956
1341847987.442981 -0.201981 -4.498610 -0.667084 0.006831 0.658373 0.006438 0.752633
1341847987.472981 -0.191097 -4.495320 -0.654338 0.004408 0.661244 0.007078 0.750125
1341847987.502981 -0.178127 -4.489740 -0.644615 0.001463 0.662845 0.007586 0.748717
1341847987.532981 -0.165765 -4.484640 -0.629292 -0.002265 0.664300 0.009135 0.747407
1341847987.562981 -0.154240 -4.480920 -0.620760 -0.006298 0.664869 0.011554 0.746844
1341847987.592981 -0.142482 -4.476990 -0.612990 -0.009927 0.665347 0.014590 0.746326
1341847987.622981 -0.132461 -4.476330 -0.604845 -0.012874 0.665998 0.018892 0.745604
1341847987.652981 -0.122250 -4.473570 -0.595535 -0.014201 0.666823 0.022796 0.744732
1341847987.682981 -0.111877 -4.470840 -0.587391 -0.015411 0.667502 0.026519 0.743976
1341847987.712981 -0.101205 -4.467140 -0.579612 -0.016480 0.668601 0.029830 0.742840
1341847987.742981 -0.090399 -4.463940 -0.571513 -0.017943 0.669775 0.032802 0.741623
1341847987.772981 -0.080255 -4.461540 -0.562060 -0.019353 0.670801 0.035517 0.740533
1341847987.802981 -0.069519 -4.457370 -0.554825 -0.020287 0.671539 0.037612 0.739736
1341847987.832981 -0.057820 -4.451400 -0.545856 -0.021628 0.672376 0.039558 0.738836
1341847987.862981 -0.046246 -4.446230 -0.537335 -0.023735 0.673148 0.041999 0.737933
1341847987.892981 -0.035312 -4.441670 -0.527525 -0.026141 0.674017 0.044667 0.736901
1341847987.922981 -0.025341 -4.441450 -0.518057 -0.029476 0.675051 0.047364 0.735659
1341847987.952981 -0.014863 -4.439260 -0.508629 -0.031426 0.676221 0.049372 0.734371
1341847987.982981 -0.003136 -4.433260 -0.499675 -0.032253 0.677769 0.051251 0.732777
1341847988.012981 0.008839 -4.426810 -0.490347 -0.033865 0.680256 0.053958 0.730201
1341847988.042981 0.019627 -4.424730 -0.481460 -0.036987 0.683153 0.057013 0.727106
1341847988.072981 0.030478 -4.422370 -0.471463 -0.040022 0.686132 0.059151 0.723963
1341847988.102981 0.040401 -4.423010 -0.460586 -0.043119 0.688990 0.060823 0.720926
1341847988.132981 0.050146 -4.421880 -0.451150 -0.045176 0.692105 0.061448 0.717756
1341847988.162981 0.060593 -4.420160 -0.442645 -0.047519 0.695609 0.061277 0.714223
1341847988.192981 0.070601 -4.418680 -0.432646 -0.049365 0.699619 0.061311 0.710167
1341847988.222981 0.081003 -4.416170 -0.422800 -0.050980 0.703735 0.061381 0.705968
1341847988.252981 0.089752 -4.418100 -0.411382 -0.052756 0.707644 0.062208 0.701845
1341847988.282981 0.097556 -4.422340 -0.400842 -0.053315 0.710975 0.062084 0.698440
1341847988.312981 0.107735 -4.418990 -0.390822 -0.052475 0.714314 0.060263 0.695249
1341847988.342981 0.119197 -4.412340 -0.380522 -0.052302 0.717224 0.058537 0.692407
1341847988.372981 0.131092 -4.407870 -0.370822 -0.053838 0.719448 0.058010 0.690022
1341847988.402981 0.141024 -4.408980 -0.361190 -0.055646 0.721551 0.058587 0.687630
1341847988.432981 0.151879 -4.404120 -0.351113 -0.055676 0.724291 0.058845 0.684719
1341847988.462981 0.162877 -4.400420 -0.343735 -0.056549 0.727200 0.060135 0.681445
1341847988.492980 0.173239 -4.399330 -0.334539 -0.057501 0.730592 0.061984 0.677559
1341847988.522980 0.183286 -4.400360 -0.327024 -0.058173 0.733233 0.063539 0.674499
1341847988.552980 0.193270 -4.400600 -0.319034 -0.057921 0.735896 0.064356 0.671536
1341847988.582980 0.204711 -4.399400 -0.312638 -0.057387 0.738129 0.065033 0.669062
1341847988.612980 0.215668 -4.400200 -0.306104 -0.057077 0.740086 0.065971 0.666831
1341847988.642980 0.227701 -4.398650 -0.299104 -0.056669 0.741603 0.066256 0.665150
1341847988.672980 0.240677 -4.396350 -0.294119 -0.056362 0.742431 0.067082 0.664168
1341847988.702980 0.252832 -4.397630 -0.289717 -0.056661 0.743178 0.068360 0.663176
1341847988.732980 0.264958 -4.398630 -0.282982 -0.056197 0.744549 0.069523 0.661555
1341847988.762980 0.277774 -4.398870 -0.280398 -0.055536 0.745746 0.070350 0.660173
1341847988.792980 0.305066 -4.394430 -0.268427 -0.055015 0.748418 0.071424 0.657071
1341847988.822980 0.320651 -4.390600 -0.264441 -0.056594 0.748686 0.073505 0.656402
1341847988.852980 0.333603 -4.392900 -0.260610 -0.059094 0.748951 0.076767 0.655505
1341847988.882980 0.347188 -4.392440 -0.255562 -0.060198 0.749987 0.078639 0.653996
1341847988.912980 0.361489 -4.391370 -0.251417 -0.060956 0.751005 0.080528 0.652526
1341847988.942980 0.375416 -4.391520 -0.248340 -0.061193 0.751782 0.082292 0.651389
1341847988.972980 0.389961 -4.389650 -0.243995 -0.060353 0.752706 0.083703 0.650219
1341847989.002980 0.404612 -4.388180 -0.240096 -0.059947 0.753562 0.085497 0.649031
1341847989.032980 0.419295 -4.386460 -0.236177 -0.060179 0.754242 0.087300 0.647979
1341847989.062980 0.434425 -4.384770 -0.231654 -0.060922 0.754760 0.089229 0.647042
1341847989.092980 0.449621 -4.382230 -0.227877 -0.061530 0.755167 0.091125 0.646246
1341847989.122980 0.463867 -4.381470 -0.224884 -0.062258 0.755653 0.092949 0.645347
1341847989.152980 0.476639 -4.382860 -0.219832 -0.062718 0.756645 0.094244 0.643951
1341847989.182980 0.489906 -4.381580 -0.216971 -0.062360 0.757686 0.094487 0.642724
1341847989.212980 0.503433 -4.379680 -0.210793 -0.062604 0.758830 0.095311 0.641228
1341847989.242980 0.516003 -4.378850 -0.206133 -0.063975 0.759129 0.096683 0.640534
1341847989.272980 0.527541 -4.379180 -0.201758 -0.065053 0.758765 0.097628 0.640712
1341847989.302980 0.538016 -4.379900 -0.197316 -0.064870 0.758126 0.097725 0.641472
1341847989.332980 0.547839 -4.380240 -0.192972 -0.063776 0.757314 0.097321 0.642602
1341847989.362980 0.557242 -4.380830 -0.185931 -0.062649 0.756690 0.096840 0.643520
1341847989.392980 0.566439 -4.380760 -0.179507 -0.061336 0.755981 0.095852 0.644626
1341847989.422980 0.574753 -4.382300 -0.171899 -0.060534 0.755552 0.095086 0.645319
1341847989.452980 0.583652 -4.381660 -0.165549 -0.060481 0.754743 0.094489 0.646356
1341847989.482980 0.591354 -4.381950 -0.158047 -0.060942 0.754199 0.094328 0.646972
1341847989.512980 0.598021 -4.383370 -0.150187 -0.061019 0.754259 0.093839 0.646965
1341847989.542979 0.604135 -4.383960 -0.142549 -0.060604 0.754916 0.092906 0.646372
1341847989.572979 0.610370 -4.384260 -0.135399 -0.059684 0.756064 0.092126 0.645227
1341847989.602979 0.615503 -4.385350 -0.127162 -0.058708 0.757439 0.091316 0.643817
1341847989.632979 0.620595 -4.386710 -0.118463 -0.057680 0.759179 0.090234 0.642011
1341847989.662979 0.625849 -4.387330 -0.109486 -0.057159 0.760938 0.089499 0.640076
1341847989.692979 0.631105 -4.387070 -0.100321 -0.056791 0.762301 0.089215 0.638524
1341847989.722979 0.635965 -4.387470 -0.090241 -0.056418 0.763583 0.089091 0.637040
1341847989.752979 0.640107 -4.388450 -0.079417 -0.055777 0.764809 0.088526 0.635704
1341847989.782979 0.644499 -4.388900 -0.068516 -0.055048 0.766131 0.087519 0.634313
1341847989.812979 0.648566 -4.389500 -0.057297 -0.054571 0.767418 0.086214 0.632976
1341847989.842979 0.652402 -4.390570 -0.044865 -0.054700 0.768573 0.084990 0.631728
1341847989.872979 0.656213 -4.391640 -0.032288 -0.055306 0.769406 0.084010 0.630791
1341847989.902979 0.659654 -4.391830 -0.019648 -0.054814 0.770276 0.082518 0.629969
1341847989.932979 0.662353 -4.392650 -0.006858 -0.054082 0.771443 0.080958 0.628806
1341847989.962979 0.664238 -4.393970 0.005041 -0.053138 0.772929 0.079070 0.627299
1341847989.992979 0.665788 -4.395590 0.018052 -0.052442 0.774726 0.076931 0.625405
1341847990.022979 0.668012 -4.395640 0.029897 -0.052009 0.776052 0.074944 0.624036
1341847990.052979 0.670318 -4.398070 0.056019 -0.053324 0.777734 0.072205 0.622152
1341847990.082979 0.670978 -4.399240 0.067681 -0.053818 0.777634 0.071143 0.622357
1341847990.112979 0.671058 -4.401510 0.081301 -0.053816 0.777399 0.070226 0.622754
1341847990.142979 0.671668 -4.402170 0.093657 -0.053261 0.776583 0.068751 0.623983
1341847990.172979 0.672063 -4.402820 0.106969 -0.053068 0.775285 0.068043 0.625689
1341847990.202979 0.672026 -4.404420 0.119425 -0.053200 0.773323 0.067751 0.628133
1341847990.232979 0.671672 -4.405800 0.131844 -0.053274 0.770974 0.067604 0.631023
1341847990.262979 0.671304 -4.406340 0.142738 -0.053142 0.768140 0.067411 0.634502
1341847990.292979 0.670451 -4.406850 0.153898 -0.052479 0.765175 0.067227 0.638149
1341847990.322979 0.668666 -4.408750 0.165251 -0.052247 0.761493 0.067579 0.642520
1341847990.352979 0.667553 -4.408970 0.175323 -0.052062 0.757088 0.067843 0.647692
1341847990.382979 0.666160 -4.410700 0.184489 -0.052074 0.752109 0.068224 0.653426
1341847990.412979 0.664807 -4.411920 0.194255 -0.051619 0.746689 0.068229 0.659648
1341847990.442979 0.664183 -4.411500 0.204002 -0.050924 0.740844 0.067963 0.666286
1341847990.472979 0.662989 -4.412280 0.211677 -0.050963 0.734420 0.067816 0.673373
1341847990.502979 0.661835 -4.412390 0.222089 -0.050584 0.727493 0.067784 0.680883
1341847990.532979 0.662290 -4.409780 0.229084 -0.050113 0.720394 0.066879 0.688512
1341847990.562979 0.661512 -4.409400 0.238872 -0.049723 0.713606 0.066700 0.695590
1341847990.592978 0.660396 -4.409540 0.247443 -0.049699 0.706968 0.066620 0.702345
1341847990.622978 0.659411 -4.409460 0.258067 -0.049433 0.700584 0.066327 0.708759
1341847990.652978 0.658279 -4.409450 0.267231 -0.048571 0.694380 0.065351 0.714987
1341847990.682978 0.656864 -4.409780 0.277510 -0.048022 0.688153 0.064568 0.721090
1341847990.712978 0.655318 -4.410440 0.286217 -0.048499 0.681587 0.064371 0.727285
1341847990.742978 0.653903 -4.410030 0.295851 -0.049025 0.675486 0.063817 0.732969
1341847990.772978 0.653210 -4.408540 0.304632 -0.049666 0.668759 0.063312 0.739112
1341847990.802978 0.652365 -4.406420 0.313087 -0.050441 0.661208 0.063958 0.745767
1341847990.832978 0.651365 -4.405070 0.320137 -0.052164 0.653784 0.064980 0.752079
1341847990.862978 0.649657 -4.405430 0.326282 -0.053714 0.646479 0.066399 0.758137
1341847990.892978 0.647920 -4.405330 0.331919 -0.054507 0.639723 0.066942 0.763742
1341847990.922978 0.646458 -4.405150 0.337287 -0.054909 0.632605 0.067220 0.769595
1341847990.952978 0.644999 -4.405150 0.343648 -0.055435 0.625838 0.067395 0.775056
1341847990.982978 0.643663 -4.405240 0.349051 -0.055790 0.619498 0.066759 0.780162
1341847991.012978 0.643340 -4.403840 0.355349 -0.056022 0.612693 0.066216 0.785547
1341847991.042978 0.642139 -4.404480 0.361510 -0.058449 0.605501 0.066337 0.790918
1341847991.072978 0.641215 -4.404980 0.367213 -0.060071 0.598274 0.066675 0.796250
1341847991.102978 0.639400 -4.406810 0.372231 -0.060666 0.592263 0.066445 0.800706
1341847991.132978 0.639444 -4.404800 0.378877 -0.060965 0.586964 0.066342 0.804584
1341847991.162978 0.638230 -4.405580 0.385321 -0.062661 0.581936 0.067026 0.808042
1341847991.192978 0.636983 -4.407860 0.395094 -0.063105 0.574067 0.065817 0.813715
1341847991.222978 0.637343 -4.407400 0.399890 -0.063212 0.570559 0.065845 0.816169
1341847991.252978 0.636982 -4.408160 0.405021 -0.063541 0.568352 0.066276 0.817646
1341847991.282978 0.636794 -4.409510 0.409683 -0.063443 0.566754 0.066110 0.818776
1341847991.312978 0.637392 -4.409280 0.415026 -0.062723 0.564635 0.065883 0.820313
1341847991.342978 0.637086 -4.411200 0.420187 -0.062597 0.562300 0.065499 0.821955
1341847991.372978 0.637712 -4.411660 0.425360 -0.061685 0.559828 0.064793 0.823766
1341847991.402978 0.638369 -4.411490 0.431601 -0.060842 0.557501 0.064844 0.825401
1341847991.432978 0.638225 -4.413380 0.437471 -0.060948 0.555740 0.065056 0.826563
1341847991.462978 0.637668 -4.415760 0.443352 -0.060602 0.554637 0.064527 0.827370
1341847991.492978 0.637623 -4.417610 0.449980 -0.059688 0.553743 0.063920 0.828082
1341847991.522978 0.637590 -4.418290 0.457029 -0.058777 0.553120 0.062933 0.828639
1341847991.552978 0.637676 -4.418600 0.464223 -0.058284 0.552300 0.062109 0.829283
1341847991.582978 0.637909 -4.418160 0.472148 -0.058241 0.551603 0.062285 0.829737
1341847991.612978 0.637537 -4.419460 0.479975 -0.058920 0.551409 0.062607 0.829793
1341847991.642977 0.636938 -4.420990 0.487617 -0.058822 0.550999 0.062395 0.830088
1341847991.672977 0.636849 -4.420620 0.496250 -0.058036 0.550814 0.062322 0.830272
1341847991.702977 0.636797 -4.420220 0.504243 -0.058263 0.551288 0.062223 0.829949
1341847991.732977 0.636438 -4.420370 0.512568 -0.058711 0.552637 0.061749 0.829055
1341847991.762977 0.635409 -4.421350 0.520559 -0.058829 0.554349 0.060735 0.827978
1341847991.792977 0.634981 -4.421620 0.529110 -0.058549 0.556280 0.059850 0.826767
1341847991.822977 0.634665 -4.422540 0.536886 -0.058009 0.558514 0.059296 0.825337
1341847991.852977 0.634088 -4.423640 0.544381 -0.056643 0.561612 0.058634 0.823374
1341847991.882977 0.633493 -4.424460 0.552179 -0.055048 0.565678 0.057798 0.820754
1341847991.912977 0.632761 -4.425800 0.559926 -0.053333 0.570372 0.057264 0.817650
1341847991.942977 0.632407 -4.426810 0.567268 -0.051114 0.575880 0.056394 0.813984
1341847991.972977 0.632817 -4.425910 0.575212 -0.048287 0.581786 0.055747 0.809991
1341847992.002977 0.633887 -4.425620 0.589174 -0.043842 0.593940 0.056126 0.801351
1341847992.032977 0.635169 -4.424750 0.596142 -0.041542 0.600570 0.056733 0.796474
1341847992.062977 0.636470 -4.424640 0.602182 -0.039970 0.606595 0.057128 0.791948
1341847992.092977 0.638733 -4.423870 0.607933 -0.038789 0.612660 0.057227 0.787317
1341847992.122977 0.640557 -4.423170 0.613359 -0.037943 0.618738 0.057544 0.782568
1341847992.152977 0.642188 -4.423140 0.618442 -0.037383 0.625108 0.057611 0.777511
1341847992.182977 0.644263 -4.422460 0.623297 -0.036935 0.631643 0.057829 0.772217
1341847992.212977 0.646478 -4.422080 0.627358 -0.037203 0.638302 0.058403 0.766666
1341847992.242977 0.648325 -4.422830 0.629988 -0.038130 0.645014 0.059233 0.760917
1341847992.272977 0.650727 -4.422350 0.632250 -0.039090 0.651904 0.060675 0.754859
1341847992.302977 0.653664 -4.420260 0.634636 -0.040259 0.660037 0.062437 0.747551
1341847992.332977 0.655766 -4.419050 0.635648 -0.040923 0.669007 0.063345 0.739421
1341847992.362977 0.657418 -4.418970 0.636664 -0.040074 0.677850 0.064289 0.731286
1341847992.392977 0.660496 -4.415680 0.638194 -0.038895 0.686300 0.064962 0.723367
1341847992.422977 0.662889 -4.415370 0.639670 -0.039012 0.693923 0.066956 0.715868
1341847992.452977 0.664878 -4.415630 0.640160 -0.038321 0.701672 0.067855 0.708226
1341847992.482977 0.665963 -4.417370 0.640818 -0.037673 0.710332 0.068333 0.699528
1341847992.512977 0.666852 -4.419520 0.641773 -0.037150 0.719520 0.068605 0.690075
1341847992.542977 0.669237 -4.419230 0.642489 -0.036610 0.728060 0.068004 0.681149
1341847992.572977 0.672175 -4.419110 0.642799 -0.036695 0.736102 0.067864 0.672459
1341847992.602977 0.674103 -4.420210 0.642959 -0.037302 0.744382 0.067227 0.663313
1341847992.632977 0.676120 -4.422330 0.642395 -0.037044 0.752292 0.067078 0.654358
1341847992.662977 0.679951 -4.420430 0.641126 -0.035929 0.759868 0.067193 0.645596
1341847992.692976 0.683490 -4.419370 0.641976 -0.035009 0.767546 0.068300 0.636382
1341847992.722976 0.687022 -4.419030 0.642969 -0.034872 0.775459 0.069577 0.626583
1341847992.752976 0.691821 -4.418540 0.643622 -0.034981 0.783435 0.070475 0.616474
1341847992.782976 0.695757 -4.419230 0.645647 -0.034605 0.790401 0.071678 0.607398
1341847992.812976 0.700132 -4.418630 0.645033 -0.033270 0.796795 0.072433 0.598970
1341847992.842976 0.704899 -4.418110 0.647117 -0.030891 0.803806 0.073186 0.589564
1341847992.872976 0.710061 -4.416400 0.650551 -0.028554 0.811522 0.073586 0.578966
1341847992.902976 0.714424 -4.415530 0.653285 -0.026499 0.819409 0.073772 0.567824
1341847992.932976 0.718870 -4.415160 0.656987 -0.024997 0.827591 0.073135 0.555986
1341847992.962976 0.724842 -4.411560 0.660684 -0.023693 0.835424 0.072421 0.544299
1341847992.992976 0.730282 -4.408590 0.666325 -0.023132 0.843092 0.072819 0.532314
1341847993.022976 0.732731 -4.410230 0.668714 -0.023029 0.851101 0.072739 0.519428
1341847993.052976 0.736959 -4.411000 0.676289 -0.022127 0.859599 0.071501 0.505458
1341847993.082976 0.742400 -4.410150 0.684578 -0.021308 0.867587 0.070274 0.491833
1341847993.112976 0.746382 -4.412820 0.689078 -0.021043 0.874916 0.069942 0.478735
1341847993.142976 0.748595 -4.419760 0.695491 -0.020780 0.881937 0.068642 0.465879
1341847993.172976 0.754390 -4.420280 0.702445 -0.018415 0.888229 0.065585 0.454323
1341847993.202976 0.760327 -4.418620 0.705017 -0.015557 0.893650 0.063586 0.443965
1341847993.232976 0.761861 -4.422090 0.704816 -0.013434 0.898678 0.062586 0.433913
1341847993.262976 0.769316 -4.419140 0.712039 -0.010021 0.904321 0.060631 0.422406
1341847993.292976 0.776535 -4.416120 0.712977 -0.007325 0.909104 0.060756 0.412050
1341847993.322976 0.780014 -4.421040 0.714378 -0.006076 0.913216 0.062722 0.402574
1341847993.352976 0.788274 -4.428360 0.717363 -0.002699 0.920800 0.062324 0.385014
1341847993.382976 0.795367 -4.429490 0.717912 -0.001050 0.924434 0.061730 0.376312
1341847993.412976 0.801005 -4.432750 0.716449 0.000411 0.927527 0.061716 0.368624
1341847993.442976 0.809022 -4.431780 0.714458 0.002500 0.930763 0.060880 0.360511
1341847993.472976 0.818158 -4.431630 0.714288 0.004013 0.933801 0.061493 0.352447
1341847993.502976 0.824040 -4.435290 0.709685 0.004632 0.936451 0.062667 0.345124
1341847993.532976 0.834165 -4.436900 0.706593 0.006042 0.939252 0.063163 0.337312
1341847993.562976 0.845220 -4.438000 0.705421 0.006782 0.941816 0.063869 0.329935
1341847993.592976 0.853778 -4.441670 0.698382 0.006729 0.943941 0.064978 0.323587
1341847993.622976 0.863633 -4.446190 0.694935 0.006825 0.946296 0.065263 0.316572
1341847993.652976 0.876328 -4.447430 0.690287 0.007037 0.948619 0.064369 0.309724
1341847993.682976 0.888439 -4.448590 0.684539 0.006974 0.950532 0.064031 0.303877
1341847993.712976 0.898891 -4.453210 0.675469 0.005672 0.952454 0.064032 0.297823
1341847993.742975 0.912808 -4.454090 0.670251 0.004271 0.954626 0.062423 0.291161
1341847993.772975 0.929773 -4.449500 0.663349 0.002916 0.956487 0.061079 0.285296
1341847993.802975 0.948369 -4.442940 0.654789 0.001133 0.957866 0.062131 0.280414
1341847993.832975 0.962910 -4.441180 0.646555 -0.001318 0.958587 0.066410 0.276945
1341847993.862975 0.971031 -4.446460 0.634525 -0.004649 0.959109 0.071381 0.273848
1341847993.892975 0.977458 -4.455420 0.625043 -0.007488 0.960027 0.073952 0.269857
1341847993.922975 0.985777 -4.462510 0.616642 -0.008302 0.961349 0.073079 0.265327
1341847993.952975 1.000360 -4.460800 0.607393 -0.006928 0.963081 0.069786 0.259917
1341847993.982975 1.027890 -4.455000 0.589764 -0.006213 0.966026 0.067640 0.249358
1341847994.012975 1.038780 -4.455080 0.578449 -0.006730 0.967300 0.068621 0.244081
1341847994.042975 1.049370 -4.457380 0.569753 -0.007196 0.968613 0.069655 0.238508
1341847994.072975 1.060260 -4.456520 0.560451 -0.006642 0.969818 0.069800 0.233533
1341847994.102975 1.068730 -4.459160 0.552268 -0.006309 0.970924 0.070780 0.228599
1341847994.132975 1.076870 -4.460690 0.544599 -0.005928 0.972161 0.070766 0.223293
1341847994.162975 1.085290 -4.462140 0.536184 -0.005658 0.973629 0.070648 0.216850
1341847994.192975 1.092570 -4.466530 0.530336 -0.006161 0.975115 0.070260 0.210180
1341847994.222975 1.102920 -4.466480 0.524686 -0.005375 0.976558 0.068857 0.203874
1341847994.252975 1.113470 -4.465770 0.518140 -0.004223 0.977825 0.068251 0.197943
1341847994.282975 1.121980 -4.469030 0.511495 -0.003614 0.978906 0.068360 0.192502
1341847994.312975 1.132510 -4.469210 0.505734 -0.002893 0.979997 0.067194 0.187303
1341847994.342975 1.143790 -4.469950 0.500448 -0.002409 0.980892 0.066762 0.182725
1341847994.372975 1.153000 -4.472880 0.493417 -0.002321 0.981607 0.066244 0.179038
1341847994.402975 1.163080 -4.475590 0.488321 -0.002070 0.982422 0.064917 0.175012
1341847994.432975 1.175940 -4.474010 0.485790 -0.001838 0.983392 0.062828 0.170261
1341847994.462975 1.189770 -4.470910 0.479499 -0.002215 0.984262 0.062244 0.165378
1341847994.492975 1.198890 -4.475250 0.475438 -0.004873 0.984872 0.063563 0.161133
1341847994.522975 1.210970 -4.477330 0.472532 -0.007490 0.985738 0.063132 0.155820
1341847994.552975 1.223170 -4.476090 0.466913 -0.009414 0.986501 0.062699 0.150983
1341847994.582975 1.233030 -4.477980 0.460404 -0.010972 0.987161 0.063479 0.146164
1341847994.612975 1.241510 -4.481680 0.457487 -0.011271 0.987909 0.064202 0.140668
1341847994.642975 1.249860 -4.485690 0.454483 -0.010615 0.988888 0.063334 0.134080
1341847994.672975 1.263530 -4.484390 0.452385 -0.009036 0.990122 0.061144 0.125851
1341847994.702975 1.275540 -4.485890 0.450028 -0.008200 0.991109 0.060339 0.118298
1341847994.732975 1.286600 -4.489720 0.449900 -0.008199 0.992117 0.058962 0.110277
1341847994.762975 1.296710 -4.491360 0.449113 -0.007999 0.993095 0.056462 0.102516
1341847994.792974 1.307010 -4.495080 0.449633 -0.007548 0.994140 0.054131 0.093262
1341847994.822974 1.318550 -4.496580 0.448068 -0.006368 0.995151 0.050597 0.084112
1341847994.852974 1.329900 -4.495980 0.445544 -0.005097 0.995984 0.047268 0.075868
1341847994.882974 1.340700 -4.495740 0.441973 -0.004477 0.996630 0.045363 0.068203
1341847994.912974 1.346750 -4.496680 0.434287 -0.004498 0.997085 0.044237 0.062003
1341847994.942974 1.356030 -4.498730 0.432568 -0.004646 0.997608 0.043024 0.053908
1341847994.972974 1.366770 -4.498840 0.430503 -0.004697 0.998095 0.041268 0.045617
1341847995.002974 1.375630 -4.498180 0.422405 -0.004137 0.998415 0.040084 0.039294
1341847995.032974 1.389440 -4.499160 0.426675 -0.003667 0.998751 0.039455 0.030425
1341847995.062974 1.397340 -4.501930 0.425790 -0.002736 0.998943 0.038999 0.024167
1341847995.092974 1.408520 -4.504190 0.428513 -0.001269 0.999173 0.037294 0.016133
1341847995.122974 1.416880 -4.501720 0.422922 0.000100 0.999336 0.034985 0.010177
1341847995.152974 1.427580 -4.502130 0.424906 0.000718 0.999392 0.034703 0.003254
1341847995.182974 1.437110 -4.504450 0.424042 0.000695 0.999396 0.034572 -0.003497
1341847995.212974 1.442670 -4.504640 0.419498 0.000553 0.999408 0.033511 -0.007804
1341847995.242974 1.452790 -4.501010 0.415519 0.000374 0.999391 0.032426 -0.012914
1341847995.272974 1.462710 -4.497600 0.413478 -0.000396 0.999270 0.033998 -0.017421
1341847995.302974 1.469240 -4.501100 0.410547 -0.001626 0.999059 0.037435 -0.021839
1341847995.332974 1.468870 -4.503430 0.402298 -0.002711 0.998946 0.038746 -0.024450
1341847995.362974 1.474380 -4.503740 0.398217 -0.003095 0.998763 0.038797 -0.030956
1341847995.392974 1.479090 -4.504020 0.389758 -0.003141 0.998520 0.038985 -0.037778
1341847995.422974 1.485340 -4.504670 0.385514 -0.002897 0.998217 0.039031 -0.045071
1341847995.452974 1.486010 -4.503180 0.373492 -0.002118 0.998025 0.039122 -0.049099
1341847995.482974 1.488340 -4.503120 0.361828 -0.000463 0.997723 0.040235 -0.054129
1341847995.512974 1.489960 -4.507560 0.354141 0.001902 0.997342 0.041760 -0.059670
1341847995.542974 1.490070 -4.509780 0.342899 0.004342 0.997039 0.041190 -0.064788
1341847995.572974 1.488980 -4.508820 0.335406 0.006619 0.996874 0.040194 -0.067703
1341847995.602974 1.492530 -4.511570 0.328678 0.007973 0.996540 0.040460 -0.072169
1341847995.632974 1.490870 -4.511970 0.316930 0.008504 0.996329 0.039884 -0.075275
1341847995.662974 1.492330 -4.512780 0.310333 0.008385 0.995938 0.039937 -0.080258
1341847995.692974 1.492380 -4.513620 0.299451 0.007877 0.995509 0.040119 -0.085378
1341847995.722974 1.493590 -4.514750 0.288240 0.007433 0.995084 0.040510 -0.090063
1341847995.752974 1.497450 -4.516830 0.281997 0.007313 0.994592 0.040560 -0.095328
1341847995.782974 1.499670 -4.515770 0.268377 0.007377 0.994173 0.039980 -0.099837
1341847995.812973 1.498630 -4.518470 0.257023 0.007355 0.993822 0.040463 -0.103081
1341847995.842973 1.494590 -4.519360 0.243131 0.007224 0.993541 0.039487 -0.106137
1341847995.872973 1.494660 -4.515750 0.234127 0.006827 0.993095 0.038382 -0.110649
1341847995.902973 1.494850 -4.514000 0.222205 0.006179 0.992568 0.039635 -0.114891
1341847995.932973 1.486930 -4.516010 0.211840 0.005120 0.992187 0.041495 -0.117548
1341847995.962973 1.490900 -4.516800 0.201576 0.004062 0.991733 0.042107 -0.121146
1341847995.992973 1.495990 -4.514530 0.185934 0.002642 0.991172 0.041783 -0.125799
1341847996.022973 1.499130 -4.509630 0.173158 0.000910 0.990603 0.042268 -0.130072
1341847996.052973 1.495720 -4.508110 0.159495 -0.000192 0.989994 0.044561 -0.133887
1341847996.082973 1.501440 -4.508950 0.147807 -0.000690 0.989035 0.046549 -0.140154
1341847996.112973 1.503110 -4.506570 0.135724 -0.000751 0.988269 0.047186 -0.145252
1341847996.142973 1.509110 -4.503340 0.122935 -0.000791 0.987346 0.048600 -0.150948
1341847996.172973 1.512660 -4.503120 0.108657 -0.000251 0.986377 0.050846 -0.156443
1341847996.202973 1.508110 -4.505850 0.110048 0.000252 0.985694 0.052615 -0.160123
1341847996.232973 1.524000 -4.503840 0.088040 0.000753 0.984521 0.052791 -0.167128
1341847996.262973 1.514270 -4.501260 0.093045 0.001200 0.983930 0.053366 -0.170388
1341847996.292973 1.506600 -4.499380 0.093647 0.002439 0.983283 0.055246 -0.173482
1341847996.322973 1.504070 -4.501020 0.085546 0.003882 0.982431 0.057780 -0.177413
1341847996.352973 1.506420 -4.504290 0.078543 0.005588 0.981586 0.058943 -0.181614
1341847996.382973 1.495100 -4.505880 0.084874 0.007175 0.981233 0.058486 -0.183600
1341847996.412973 1.513790 -4.503760 0.062100 0.008658 0.979916 0.057370 -0.190783
1341847996.442973 1.513550 -4.504060 0.056973 0.009800 0.979067 0.057301 -0.195058
1341847996.472973 1.522310 -4.506810 0.043024 0.010690 0.977975 0.056863 -0.200543
1341847996.502973 1.523750 -4.505490 0.033613 0.011005 0.977054 0.055209 -0.205419
1341847996.532973 1.526960 -4.505780 0.028772 0.011338 0.976047 0.054888 -0.210215
1341847996.562973 1.541670 -4.506250 0.006905 0.012113 0.974422 0.054238 -0.217744
1341847996.592973 1.538110 -4.505750 0.005389 0.012785 0.973599 0.053250 -0.221601
1341847996.622973 1.547290 -4.505860 -0.010685 0.013498 0.972167 0.052680 -0.227891
1341847996.652973 1.548000 -4.506660 -0.019152 0.013978 0.971093 0.051961 -0.232557
1341847996.682973 1.546490 -4.507400 -0.024562 0.014265 0.970398 0.051252 -0.235577
1341847996.712973 1.554950 -4.507910 -0.040780 0.014171 0.969008 0.050259 -0.241446
1341847996.742973 1.561110 -4.504510 -0.056403 0.013958 0.967805 0.049130 -0.246466
1341847996.772973 1.558580 -4.505190 -0.060416 0.013987 0.966832 0.049599 -0.250161
1341847996.802973 1.567560 -4.505510 -0.078525 0.014031 0.965273 0.049386 -0.256148
1341847996.832973 1.567830 -4.505090 -0.087245 0.013849 0.964197 0.049026 -0.260248
1341847996.862972 1.566010 -4.504980 -0.095470 0.013911 0.963173 0.048788 -0.264052
1341847996.892972 1.569460 -4.502550 -0.110661 0.014414 0.961920 0.048143 -0.268672
1341847996.922972 1.570650 -4.499740 -0.120403 0.014772 0.960783 0.048424 -0.272640
1341847996.952972 1.573500 -4.501010 -0.134511 0.015358 0.959641 0.049605 -0.276391
1341847996.982972 1.574820 -4.503380 -0.140162 0.016138 0.958540 0.049348 -0.280188
1341847997.012972 1.575590 -4.501510 -0.150837 0.017644 0.957713 0.047764 -0.283183
1341847997.042972 1.578640 -4.501900 -0.163579 0.019378 0.956826 0.046621 -0.286243
1341847997.072972 1.580240 -4.500400 -0.170382 0.020797 0.956131 0.044575 -0.288782
1341847997.102972 1.582690 -4.497600 -0.182962 0.021896 0.955317 0.043163 -0.291594
1341847997.132972 1.579400 -4.497110 -0.186595 0.022818 0.954635 0.042865 -0.293794
1341847997.162972 1.580800 -4.497250 -0.193483 0.023413 0.953646 0.042350 -0.297016
1341847997.192972 1.580400 -4.494190 -0.200300 0.023294 0.952727 0.041831 -0.300032
1341847997.222972 1.581040 -4.493610 -0.208636 0.023179 0.951635 0.042450 -0.303401
1341847997.252972 1.584660 -4.491510 -0.216957 0.023227 0.950285 0.042607 -0.307576
1341847997.282972 1.583370 -4.491600 -0.219435 0.023004 0.949089 0.043628 -0.311124
1341847997.312972 1.584300 -4.492900 -0.226895 0.022700 0.947648 0.044091 -0.315443
1341847997.342972 1.585040 -4.489320 -0.234911 0.021628 0.946351 0.043561 -0.319460
1341847997.372972 1.585140 -4.486080 -0.243802 0.020766 0.945133 0.044606 -0.322959
1341847997.402972 1.584550 -4.488820 -0.248190 0.020451 0.944034 0.046879 -0.325860
1341847997.432972 1.582700 -4.491280 -0.254710 0.019730 0.942935 0.047030 -0.329048
1341847997.462972 1.582250 -4.488180 -0.259894 0.018718 0.941614 0.046001 -0.333011
1341847997.492972 1.581120 -4.488060 -0.263093 0.017748 0.940207 0.046595 -0.336935
1341847997.522972 1.584870 -4.488500 -0.271637 0.016890 0.938347 0.047057 -0.342060
1341847997.552972 1.583560 -4.487000 -0.274575 0.016444 0.936894 0.047240 -0.346017
1341847997.582972 1.585930 -4.486300 -0.284204 0.016517 0.935037 0.048058 -0.350889
1341847997.612972 1.586630 -4.488130 -0.290345 0.016632 0.933279 0.049070 -0.355395
1341847997.642972 1.590660 -4.490030 -0.302545 0.016564 0.930957 0.049016 -0.361445
1341847997.672972 1.591860 -4.490460 -0.309394 0.016380 0.928783 0.048116 -0.367121
1341847997.702972 1.593790 -4.490480 -0.315940 0.016438 0.926645 0.047408 -0.372573
1341847997.732972 1.596710 -4.492130 -0.325290 0.016665 0.924467 0.046976 -0.377991
1341847997.762972 1.599270 -4.493100 -0.336416 0.016379 0.922436 0.045920 -0.383061
1341847997.792972 1.598350 -4.489600 -0.346569 0.015880 0.920654 0.044725 -0.387484
1341847997.822972 1.597290 -4.487520 -0.355416 0.016686 0.918937 0.045357 -0.391433
1341847997.852972 1.597580 -4.491350 -0.364785 0.018397 0.917035 0.046600 -0.395647
1341847997.882972 1.597290 -4.491230 -0.374759 0.019627 0.915238 0.045445 -0.399862
1341847997.912971 1.594590 -4.489120 -0.381942 0.020743 0.913879 0.045088 -0.402941
1341847997.942971 1.593480 -4.491690 -0.392445 0.021917 0.912509 0.045753 -0.405898
1341847997.972971 1.592840 -4.494820 -0.400405 0.022808 0.911227 0.044836 -0.408821
1341847998.002971 1.591460 -4.492220 -0.410353 0.023014 0.909807 0.042990 -0.412158
1341847998.032971 1.590780 -4.492170 -0.420542 0.023502 0.908238 0.042868 -0.415589
1341847998.062971 1.590470 -4.494410 -0.430493 0.024088 0.906651 0.042572 -0.419036
1341847998.092971 1.590100 -4.494750 -0.441613 0.023990 0.905382 0.041699 -0.421863
1341847998.122971 1.588640 -4.493830 -0.451664 0.023636 0.904451 0.041254 -0.423919
1341847998.152971 1.587320 -4.495380 -0.463768 0.023237 0.903444 0.041594 -0.426051
1341847998.182971 1.587310 -4.498240 -0.474030 0.022679 0.902216 0.041109 -0.428722
1341847998.212971 1.585440 -4.496960 -0.486122 0.021776 0.900748 0.039372 -0.432005
1341847998.242971 1.584300 -4.496920 -0.498311 0.021166 0.899122 0.038523 -0.435485
1341847998.272971 1.584190 -4.499650 -0.510371 0.020395 0.897373 0.037471 -0.439205
1341847998.302971 1.583060 -4.499660 -0.520672 0.018753 0.895490 0.035267 -0.443286
1341847998.332971 1.580900 -4.495460 -0.549740 0.014417 0.891113 0.032598 -0.452379
1341847998.362971 1.579170 -4.493340 -0.560136 0.012184 0.889232 0.032914 -0.456109
1341847998.392971 1.576870 -4.490850 -0.572394 0.010226 0.887757 0.034042 -0.458937
1341847998.422971 1.575860 -4.492750 -0.584745 0.009208 0.886084 0.035940 -0.462038
1341847998.452971 1.574930 -4.494370 -0.599807 0.008502 0.884155 0.036107 -0.465719
1341847998.482971 1.573330 -4.493470 -0.613131 0.007955 0.881971 0.035069 -0.469930
1341847998.512971 1.572080 -4.492670 -0.625836 0.007867 0.879796 0.034019 -0.474067
1341847998.542971 1.569560 -4.492950 -0.635661 0.008260 0.878032 0.032739 -0.477409
1341847998.572971 1.567970 -4.490370 -0.649414 0.008223 0.875963 0.031106 -0.481303
1341847998.602971 1.565280 -4.487650 -0.660502 0.008155 0.874041 0.030682 -0.484813
1341847998.632971 1.563820 -4.486800 -0.675131 0.007938 0.871816 0.031103 -0.488781
1341847998.662971 1.560780 -4.483780 -0.685858 0.007503 0.870021 0.031340 -0.491961
1341847998.692971 1.558820 -4.482820 -0.697979 0.008094 0.868229 0.032389 -0.495040
1341847998.722971 1.555800 -4.481780 -0.709060 0.009357 0.866670 0.032794 -0.497715
1341847998.752971 1.553900 -4.480700 -0.722608 -0.010928 -0.864979 -0.032868 0.500611
1341847998.782971 1.550410 -4.479500 -0.732201 -0.012292 -0.863488 -0.032648 0.503161
1341847998.812971 1.547030 -4.478070 -0.740980 -0.013546 -0.862096 -0.032537 0.505518
1341847998.842971 1.544190 -4.478330 -0.750382 -0.014563 -0.860446 -0.032768 0.508278
1341847998.872971 1.541760 -4.480430 -0.758811 -0.015119 -0.858965 -0.032931 0.510750
1341847998.902971 1.539660 -4.480120 -0.772607 -0.014658 -0.857333 -0.032392 0.513532
1341847998.932971 1.536500 -4.477770 -0.781853 -0.014393 -0.856082 -0.031931 0.515652
1341847998.962970 1.534960 -4.480090 -0.791837 -0.015132 -0.854572 -0.032675 0.518082
1341847998.992970 1.533060 -4.483700 -0.800949 -0.015495 -0.852729 -0.032289 0.521124
1341847999.022970 1.531910 -4.483510 -0.815658 -0.014593 -0.850592 -0.030791 0.524722
1341847999.052970 1.529030 -4.482380 -0.825435 -0.013224 -0.848761 -0.029976 0.527761
1341847999.082970 1.526940 -4.484160 -0.833593 -0.011938 -0.847265 -0.030368 0.530168
1341847999.112970 1.525180 -4.485810 -0.847836 -0.010060 -0.845648 -0.030395 0.532780
1341847999.142970 1.523940 -4.486790 -0.856982 -0.008334 -0.844130 -0.029889 0.535240
1341847999.172970 1.522610 -4.489020 -0.869070 -0.007261 -0.842342 -0.029194 0.538103
1341847999.202970 1.520870 -4.489870 -0.880832 -0.006157 -0.840194 -0.027663 0.541545
1341847999.232970 1.520070 -4.490910 -0.894808 -0.005048 -0.837685 -0.025971 0.545513
1341847999.262970 1.519280 -4.490580 -0.911291 -0.003819 -0.834766 -0.024057 0.550065
1341847999.292970 1.516620 -4.489020 -0.920753 -0.002373 -0.831762 -0.022771 0.554659
1341847999.322970 1.515230 -4.488920 -0.931878 -0.001161 -0.828989 -0.022458 0.558813
1341847999.352970 1.513540 -4.490260 -0.943619 -0.000089 -0.826415 -0.022022 0.562630
1341847999.382970 1.511480 -4.488830 -0.955044 0.000923 -0.823491 -0.020808 0.566948
1341847999.412970 1.508700 -4.487050 -0.966927 0.001165 -0.820639 -0.020214 0.571089
1341847999.442970 1.506130 -4.488040 -0.977714 0.000767 -0.817770 -0.019978 0.575199
1341847999.472970 1.504490 -4.489560 -0.987956 0.000589 -0.814733 -0.019271 0.579516
1341847999.502970 1.502020 -4.488990 -0.998777 0.001519 -0.810971 -0.018051 0.584806
1341847999.532970 1.498500 -4.486370 -1.008960 0.003097 -0.807114 -0.017532 0.590127
1341847999.562970 1.496220 -4.486820 -1.015710 0.003941 -0.803489 -0.018185 0.595029
1341847999.592970 1.492610 -4.486340 -1.025900 0.005057 -0.799388 -0.018311 0.600515
1341847999.622970 1.488930 -4.484730 -1.034920 0.006387 -0.795140 -0.018811 0.606100
1341847999.652970 1.485400 -4.485670 -1.041170 0.007352 -0.791399 -0.019830 0.610934
1341847999.682970 1.481660 -4.483920 -1.052380 0.008643 -0.787119 -0.020153 0.616411
1341847999.712970 1.476560 -4.481740 -1.060670 0.009380 -0.783440 -0.020952 0.621043
1341847999.742970 1.472630 -4.481500 -1.066580 0.009316 -0.780182 -0.022425 0.625081
1341847999.772970 1.469470 -4.482600 -1.076520 0.008928 -0.776225 -0.023559 0.629952
1341847999.802970 1.465140 -4.481670 -1.084070 0.008756 -0.772501 -0.023742 0.634509
1341847999.832970 1.462070 -4.482780 -1.092720 0.007498 -0.768699 -0.024173 0.639109
1341847999.862970 1.457020 -4.484500 -1.099020 0.006602 -0.765090 -0.023803 0.643450
1341847999.892970 1.452990 -4.485300 -1.105430 0.006022 -0.761896 -0.023106 0.647259
1341847999.922970 1.447910 -4.485950 -1.112530 0.005666 -0.758972 -0.022411 0.650713
1341847999.952970 1.442390 -4.486840 -1.117900 0.005540 -0.756544 -0.021716 0.653558
1341847999.982970 1.437690 -4.488140 -1.125160 0.005802 -0.753835 -0.021205 0.656696
1341848000.012969 1.431820 -4.488860 -1.130540 0.006158 -0.751538 -0.020943 0.659328
1341848000.042969 1.426740 -4.490600 -1.137450 0.006436 -0.749008 -0.021014 0.662197
1341848000.072969 1.420030 -4.492020 -1.141690 0.006949 -0.747027 -0.020868 0.664430
1341848000.102969 1.412340 -4.491210 -1.147830 0.007890 -0.744858 -0.020777 0.666853
1341848000.132969 1.405300 -4.491760 -1.152590 0.008405 -0.742741 -0.021731 0.669174
1341848000.162969 1.397760 -4.494420 -1.157940 0.008590 -0.740712 -0.022747 0.671383
1341848000.192969 1.383110 -4.501470 -1.168020 0.010727 -0.736167 -0.021752 0.676365
1341848000.222969 1.364770 -4.500830 -1.178970 0.014901 -0.731335 -0.019928 0.681564
1341848000.252969 1.354920 -4.499660 -1.185050 0.016724 -0.728492 -0.019747 0.684566
1341848000.282969 1.344060 -4.496080 -1.189510 0.018040 -0.725932 -0.020447 0.687226
1341848000.312969 1.333160 -4.496230 -1.193310 0.017626 -0.723408 -0.022352 0.689834
1341848000.342969 1.323220 -4.498160 -1.199700 0.016407 -0.720390 -0.022770 0.693001
1341848000.372969 1.311870 -4.497140 -1.204160 0.015564 -0.717365 -0.021355 0.696196
1341848000.402969 1.300730 -4.496360 -1.208040 0.014346 -0.714382 -0.019855 0.699327
1341848000.432969 1.288880 -4.494370 -1.212900 0.013511 -0.711414 -0.018141 0.702409
1341848000.462969 1.276420 -4.491020 -1.216150 0.012558 -0.708550 -0.017056 0.705343
1341848000.492969 1.265040 -4.489430 -1.219990 0.011041 -0.705387 -0.017187 0.708528
1341848000.522969 1.252250 -4.486390 -1.224080 0.009830 -0.702574 -0.017360 0.711331
1341848000.552969 1.239620 -4.482630 -1.225490 0.008250 -0.700154 -0.018421 0.713706
1341848000.582969 1.228310 -4.482900 -1.229310 0.005931 -0.697486 -0.020951 0.716267
1341848000.612969 1.217640 -4.485690 -1.235710 0.004199 -0.694109 -0.022722 0.719499
1341848000.642969 1.206510 -4.484900 -1.238860 0.004107 -0.691103 -0.022917 0.722381
1341848000.672969 1.194730 -4.482340 -1.242610 0.004290 -0.688418 -0.023471 0.724922
1341848000.702969 1.183350 -4.479210 -1.244020 0.004460 -0.686468 -0.025040 0.726715
1341848000.732969 1.171550 -4.474680 -1.247200 0.004392 -0.684349 -0.027773 0.728612
1341848000.762969 1.159840 -4.473180 -1.250260 0.003145 -0.682160 -0.031558 0.730515
1341848000.792969 1.149600 -4.473520 -1.253560 0.001956 -0.679805 -0.034889 0.732560
1341848000.822969 1.139460 -4.473040 -1.257700 0.001260 -0.677645 -0.036765 0.734468
1341848000.852969 1.129280 -4.469860 -1.261970 0.000389 -0.675308 -0.037300 0.736592
1341848000.882969 1.119870 -4.468950 -1.265960 -0.001322 -0.672618 -0.037668 0.739030
1341848000.912969 1.110670 -4.467430 -1.270040 -0.002310 -0.669417 -0.037588 0.741932
1341848000.942969 1.101630 -4.465080 -1.272950 -0.002820 -0.666015 -0.037395 0.744995
1341848000.972969 1.092120 -4.460190 -1.276490 -0.003040 -0.662508 -0.037754 0.748097
1341848001.002969 1.082960 -4.456760 -1.278240 -0.004122 -0.659656 -0.039638 0.750511
1341848001.032969 1.074340 -4.454510 -1.281670 -0.005488 -0.656841 -0.041759 0.752852
1341848001.062968 1.064980 -4.452070 -1.285770 -0.006972 -0.654045 -0.043751 0.755158
1341848001.092968 1.056820 -4.451820 -1.291100 -0.008898 -0.651068 -0.044975 0.757633
1341848001.122968 1.048450 -4.450100 -1.294840 -0.009875 -0.647884 -0.045009 0.760344
1341848001.152968 1.039920 -4.445860 -1.299120 -0.010474 -0.644465 -0.045029 0.763235
1341848001.182968 1.031650 -4.442540 -1.303730 -0.011688 -0.641251 -0.046036 0.765860
1341848001.212968 1.022950 -4.441040 -1.308340 -0.013101 -0.638206 -0.047595 0.768281
1341848001.242968 1.014900 -4.439770 -1.314310 -0.014377 -0.635151 -0.048618 0.770723
1341848001.272968 1.005970 -4.435530 -1.320040 -0.014761 -0.631898 -0.049146 0.773351
1341848001.302968 0.997508 -4.431360 -1.325970 -0.015946 -0.628328 -0.050773 0.776126
1341848001.332968 0.988875 -4.429160 -1.331850 -0.018093 -0.624464 -0.053045 0.779040
1341848001.362968 0.980315 -4.426950 -1.337960 -0.020189 -0.620019 -0.054811 0.782410
1341848001.392968 0.972309 -4.424850 -1.345290 -0.022402 -0.615350 -0.055777 0.785959
1341848001.422968 0.963220 -4.419660 -1.351830 -0.024084 -0.610642 -0.056710 0.789506
1341848001.452968 0.954316 -4.415230 -1.358670 -0.026111 -0.605755 -0.058709 0.793053
1341848001.482968 0.946322 -4.414290 -1.366680 -0.027990 -0.600904 -0.061569 0.796454
1341848001.512968 0.938783 -4.414580 -1.375780 -0.028920 -0.595912 -0.063588 0.800006
1341848001.542968 0.931712 -4.414980 -1.384000 -0.028803 -0.590821 -0.064404 0.803712
1341848001.572968 0.923990 -4.412020 -1.392150 -0.027229 -0.585138 -0.064551 0.807902
1341848001.602968 0.915943 -4.408040 -1.399820 -0.025563 -0.579025 -0.064934 0.812318
1341848001.632968 0.906883 -4.402950 -1.406800 -0.024133 -0.573161 -0.065918 0.816430
1341848001.662968 0.898405 -4.398320 -1.413410 -0.023777 -0.567974 -0.067668 0.819916
1341848001.692968 0.889518 -4.394570 -1.420780 -0.024328 -0.562989 -0.069754 0.823156
1341848001.722968 0.881184 -4.391760 -1.427530 -0.025100 -0.557788 -0.071977 0.826475
1341848001.752968 0.873086 -4.390110 -1.434480 -0.025932 -0.552297 -0.073906 0.829960
1341848001.782968 0.865860 -4.388750 -1.439860 -0.025880 -0.546985 -0.075358 0.833342
1341848001.812968 0.856757 -4.381840 -1.444420 -0.025432 -0.542125 -0.076710 0.836403
1341848001.842968 0.848034 -4.377050 -1.449020 -0.027069 -0.537824 -0.079199 0.838892
1341848001.872968 0.840560 -4.376900 -1.453680 -0.029119 -0.533599 -0.081526 0.841295
1341848001.902968 0.832546 -4.372840 -1.457950 -0.029995 -0.529010 -0.082578 0.844055
1341848001.932968 0.824046 -4.367870 -1.461180 -0.031582 -0.524278 -0.082957 0.846908
1341848001.962968 0.817745 -4.370460 -1.465070 -0.033853 -0.519237 -0.082885 0.849927
1341848001.992968 0.810882 -4.368930 -1.469060 -0.032477 -0.514178 -0.081778 0.853158
1341848002.022968 0.801943 -4.360220 -1.470700 -0.031368 -0.510813 -0.081259 0.855268
1341848002.052968 0.793617 -4.357310 -1.473350 -0.033509 -0.507915 -0.081836 0.856856
1341848002.082968 0.788456 -4.360820 -1.474700 -0.034618 -0.505402 -0.080800 0.858395
1341848002.112967 0.779700 -4.352510 -1.474960 -0.032946 -0.502513 -0.077929 0.860420
1341848002.142967 0.770409 -4.344930 -1.475030 -0.034481 -0.499823 -0.077305 0.861981
1341848002.172967 0.763216 -4.343120 -1.472730 -0.037651 -0.498007 -0.078473 0.862794
1341848002.202967 0.756313 -4.341550 -1.469710 -0.039684 -0.496589 -0.079231 0.863451
1341848002.232967 0.748463 -4.336640 -1.466360 -0.041297 -0.494643 -0.079489 0.864467
1341848002.262967 0.740255 -4.333240 -1.464060 -0.044127 -0.492086 -0.080369 0.865705
1341848002.292967 0.732321 -4.330900 -1.459930 -0.047094 -0.489888 -0.081153 0.866721
1341848002.322967 0.725019 -4.330240 -1.454930 -0.049315 -0.487672 -0.081352 0.867828
1341848002.352967 0.716704 -4.327850 -1.450210 -0.051077 -0.485340 -0.081099 0.869056
1341848002.382967 0.708558 -4.326850 -1.444320 -0.052516 -0.483219 -0.081030 0.870159
1341848002.412967 0.699765 -4.324660 -1.438550 -0.053100 -0.480944 -0.080775 0.871406
1341848002.442967 0.690571 -4.322230 -1.432270 -0.054196 -0.478699 -0.081441 0.872512
1341848002.472967 0.681859 -4.321240 -1.425700 -0.057071 -0.477095 -0.083054 0.873055
1341848002.502967 0.671955 -4.319400 -1.419160 -0.060033 -0.475642 -0.084585 0.873502
1341848002.532967 0.662475 -4.317340 -1.411870 -0.062569 -0.474189 -0.086099 0.873966
1341848002.562967 0.653072 -4.315050 -1.404120 -0.064066 -0.472370 -0.087117 0.874742
1341848002.592967 0.643877 -4.314320 -1.396810 -0.064506 -0.469580 -0.087585 0.876163
1341848002.622967 0.634066 -4.312040 -1.389900 -0.064456 -0.466071 -0.087708 0.878026
1341848002.652967 0.623489 -4.307970 -1.382710 -0.065190 -0.461780 -0.087903 0.880217
1341848002.682967 0.613370 -4.304980 -1.373920 -0.067327 -0.457470 -0.087901 0.882305
1341848002.712967 0.603742 -4.301570 -1.364040 -0.069301 -0.453587 -0.087103 0.884234
1341848002.742967 0.594415 -4.298270 -1.354730 -0.071855 -0.449680 -0.085988 0.886133
1341848002.772967 0.585386 -4.294120 -1.344980 -0.074304 -0.445456 -0.084884 0.888168
1341848002.802967 0.576755 -4.291060 -1.335740 -0.076915 -0.440870 -0.084143 0.890302
1341848002.832967 0.567846 -4.287780 -1.326360 -0.080934 -0.436474 -0.084840 0.892044
1341848002.862967 0.559629 -4.285240 -1.316800 -0.085719 -0.432700 -0.086975 0.893229
1341848002.892967 0.552126 -4.283080 -1.307460 -0.089936 -0.429721 -0.089449 0.894008
1341848002.922967 0.544431 -4.279060 -1.297900 -0.095374 -0.427555 -0.092230 0.894200
1341848002.952967 0.537767 -4.275790 -1.287910 -0.101506 -0.425647 -0.094741 0.894173
1341848002.982967 0.532611 -4.275190 -1.278970 -0.106159 -0.423782 -0.095774 0.894408
1341848003.012967 0.527353 -4.273430 -1.271300 -0.109226 -0.422043 -0.095238 0.894918
1341848003.042967 0.521829 -4.270790 -1.264180 -0.112358 -0.420580 -0.094186 0.895331
1341848003.072967 0.516710 -4.269060 -1.257240 -0.115824 -0.419239 -0.093512 0.895588
1341848003.102967 0.511092 -4.265970 -1.250790 -0.120401 -0.417944 -0.093591 0.895582
1341848003.132967 0.505705 -4.262420 -1.244140 -0.126124 -0.416610 -0.094299 0.895342
1341848003.162966 0.501168 -4.259540 -1.237780 -0.131541 -0.415115 -0.094868 0.895196
1341848003.192966 0.496833 -4.256750 -1.231950 -0.137025 -0.413514 -0.095506 0.895047
1341848003.222966 0.492802 -4.254640 -1.226760 -0.142391 -0.412084 -0.096164 0.894798
1341848003.252966 0.489005 -4.251960 -1.221890 -0.146978 -0.410763 -0.096859 0.894589
1341848003.282966 0.485025 -4.250040 -1.217780 -0.151716 -0.409538 -0.097900 0.894246
1341848003.312966 0.481152 -4.248040 -1.213780 -0.156106 -0.408373 -0.099628 0.893833
1341848003.342966 0.476762 -4.246760 -1.210100 -0.160518 -0.407476 -0.101812 0.893214
1341848003.372966 0.472095 -4.244080 -1.205930 -0.164574 -0.407051 -0.104009 0.892416
1341848003.402966 0.466822 -4.240950 -1.202410 -0.168312 -0.406627 -0.105400 0.891749
1341848003.432966 0.461493 -4.239280 -1.198410 -0.172243 -0.406256 -0.106949 0.890983
1341848003.462966 0.455445 -4.236300 -1.194300 -0.177067 -0.405851 -0.109533 0.889907
1341848003.492966 0.448448 -4.231230 -1.190570 -0.182867 -0.405633 -0.111850 0.888544
1341848003.522966 0.441471 -4.227620 -1.187270 -0.188408 -0.405454 -0.113913 0.887205
1341848003.552966 0.434036 -4.223750 -1.184510 -0.193230 -0.405445 -0.115267 0.885997
1341848003.582966 0.426041 -4.219470 -1.181760 -0.197579 -0.405378 -0.116361 0.884924
1341848003.612966 0.417582 -4.215410 -1.179090 -0.201604 -0.405047 -0.117524 0.884014
1341848003.642966 0.409168 -4.211140 -1.176390 -0.205435 -0.404624 -0.118378 0.883211
1341848003.672966 0.400721 -4.207420 -1.173630 -0.208931 -0.403884 -0.119439 0.882587
1341848003.702966 0.391525 -4.203150 -1.171330 -0.212320 -0.402800 -0.120401 0.882143
1341848003.732966 0.382539 -4.199370 -1.168880 -0.215512 -0.401446 -0.121674 0.881811
1341848003.762966 0.373482 -4.194910 -1.166300 -0.218766 -0.400079 -0.122861 0.881467
1341848003.792966 0.364393 -4.190360 -1.163720 -0.222294 -0.398650 -0.123551 0.881135
1341848003.822966 0.355281 -4.186320 -1.161670 -0.225422 -0.396922 -0.124008 0.881056
1341848003.852966 0.346325 -4.183710 -1.159720 -0.227997 -0.395022 -0.124745 0.881143
1341848003.882966 0.337189 -4.180520 -1.157650 -0.230599 -0.393073 -0.125610 0.881215
1341848003.912966 0.328517 -4.178130 -1.155330 -0.232939 -0.391182 -0.127047 0.881235
1341848003.942966 0.319459 -4.176690 -1.153680 -0.234837 -0.389584 -0.128695 0.881200
1341848003.972966 0.310136 -4.174790 -1.151930 -0.237420 -0.388431 -0.130549 0.880744
1341848004.002966 0.300936 -4.171470 -1.150270 -0.240746 -0.387292 -0.132599 0.880036
1341848004.032966 0.291938 -4.167920 -1.148830 -0.244096 -0.386061 -0.133811 0.879471
1341848004.062966 0.283401 -4.165620 -1.147060 -0.246845 -0.384612 -0.134699 0.879203
1341848004.092966 0.275149 -4.162920 -1.145390 -0.249292 -0.382740 -0.135602 0.879190
1341848004.122966 0.266823 -4.160440 -1.144360 -0.251414 -0.380453 -0.136330 0.879466
1341848004.152966 0.259109 -4.159120 -1.143140 -0.252870 -0.378065 -0.136607 0.880035
1341848004.182966 0.251454 -4.157440 -1.141700 -0.254166 -0.375469 -0.136704 0.880758
1341848004.212965 0.244382 -4.156190 -1.140370 -0.256355 -0.372636 -0.136704 0.881327
1341848004.242965 0.237668 -4.155590 -1.139310 -0.258138 -0.369562 -0.136206 0.882177
1341848004.272965 0.231009 -4.154640 -1.138140 -0.259720 -0.366290 -0.135221 0.883228
1341848004.302965 0.224947 -4.152560 -1.137020 -0.261276 -0.362886 -0.134266 0.884319
1341848004.332965 0.219619 -4.151670 -1.135460 -0.262804 -0.359245 -0.133014 0.885542
1341848004.362965 0.214149 -4.151690 -1.134610 -0.263407 -0.355152 -0.131695 0.887209
1341848004.392965 0.208915 -4.151640 -1.133360 -0.264097 -0.350926 -0.130795 0.888818
1341848004.422965 0.203968 -4.151520 -1.132400 -0.265052 -0.346694 -0.130573 0.890226
1341848004.452965 0.199673 -4.152080 -1.131200 -0.266320 -0.342808 -0.130280 0.891394
1341848004.482965 0.195774 -4.153030 -1.130250 -0.267112 -0.339047 -0.129271 0.892742
1341848004.512965 0.192441 -4.154290 -1.129170 -0.267104 -0.335574 -0.127535 0.894304
1341848004.542965 0.189198 -4.155430 -1.128160 -0.266486 -0.332399 -0.125269 0.895993
1341848004.572965 0.186070 -4.156610 -1.126750 -0.265922 -0.329631 -0.122500 0.897565
1341848004.602965 0.183737 -4.157850 -1.125360 -0.264080 -0.326989 -0.119640 0.899459
1341848004.632965 0.180913 -4.159500 -1.124460 -0.261616 -0.324004 -0.116834 0.901625
1341848004.662965 0.178312 -4.161540 -1.123440 -0.258788 -0.321080 -0.114533 0.903780
1341848004.692965 0.176000 -4.163800 -1.122230 -0.255973 -0.318622 -0.112440 0.905713
1341848004.722965 0.174024 -4.165720 -1.120410 -0.253450 -0.316825 -0.110032 0.907347
1341848004.752965 0.171950 -4.168070 -1.118800 -0.251993 -0.315078 -0.108140 0.908587
1341848004.782965 0.171187 -4.168470 -1.116200 -0.251555 -0.313649 -0.105865 0.909471
1341848004.812965 0.170197 -4.169290 -1.114270 -0.251344 -0.311644 -0.103218 0.910522
1341848004.842965 0.169331 -4.171150 -1.112280 -0.250717 -0.309211 -0.100563 0.911820
1341848004.872965 0.168210 -4.172870 -1.110830 -0.249265 -0.306488 -0.097852 0.913432
1341848004.902965 0.167788 -4.176240 -1.109170 -0.247542 -0.303958 -0.095108 0.915034
1341848004.932965 0.166760 -4.178970 -1.107170 -0.245689 -0.301414 -0.092879 0.916602
1341848004.962965 0.166677 -4.183120 -1.105060 -0.243696 -0.299380 -0.090950 0.917993
1341848004.992965 0.166034 -4.185820 -1.103130 -0.241093 -0.297448 -0.088952 0.919503
1341848005.022965 0.165020 -4.190140 -1.101360 -0.238638 -0.295838 -0.087831 0.920770
1341848005.052965 0.164295 -4.194130 -1.099330 -0.236542 -0.295037 -0.086712 0.921673
1341848005.082965 0.164135 -4.197090 -1.096290 -0.234600 -0.294691 -0.085478 0.922396
1341848005.112965 0.163584 -4.200360 -1.093500 -0.232568 -0.294067 -0.084194 0.923227
1341848005.142965 0.162830 -4.203850 -1.090880 -0.229942 -0.293070 -0.083270 0.924285
1341848005.172965 0.162685 -4.208800 -1.087700 -0.226850 -0.292275 -0.082301 0.925387
1341848005.202965 0.161939 -4.212800 -1.084920 -0.223299 -0.291432 -0.081704 0.926569
1341848005.232965 0.161337 -4.217110 -1.081250 -0.220298 -0.291105 -0.081443 0.927413
1341848005.262964 0.161159 -4.219570 -1.076760 -0.217720 -0.291193 -0.080823 0.928048
1341848005.292964 0.160555 -4.222540 -1.072330 -0.215431 -0.291060 -0.080066 0.928689
1341848005.322964 0.161200 -4.225020 -1.066460 -0.213490 -0.291247 -0.078477 0.929214
1341848005.352964 0.161033 -4.228000 -1.061420 -0.211852 -0.290674 -0.075575 0.930008
1341848005.382964 0.160554 -4.230500 -1.056300 -0.208818 -0.289020 -0.073380 0.931385
1341848005.412964 0.160285 -4.231880 -1.050200 -0.205943 -0.287323 -0.071632 0.932685
1341848005.442964 0.160052 -4.234800 -1.044080 -0.204500 -0.285698 -0.069247 0.933682
1341848005.472964 0.159658 -4.236560 -1.037730 -0.203193 -0.283920 -0.067170 0.934661
1341848005.502964 0.159141 -4.240270 -1.031810 -0.202088 -0.282371 -0.064533 0.935555
1341848005.532964 0.158983 -4.244640 -1.026250 -0.199120 -0.280657 -0.061324 0.936922
1341848005.562964 0.158354 -4.248470 -1.020040 -0.194900 -0.278424 -0.058371 0.938662
1341848005.592964 0.157882 -4.252550 -1.014200 -0.190080 -0.276094 -0.055705 0.940499
1341848005.622964 0.158180 -4.258370 -1.007460 -0.185183 -0.274122 -0.052943 0.942211
1341848005.652964 0.157580 -4.263260 -1.001020 -0.180152 -0.272288 -0.050681 0.943841
1341848005.682964 0.156635 -4.267400 -0.994041 -0.176162 -0.271046 -0.049041 0.945038
1341848005.712964 0.155853 -4.273380 -0.987463 -0.173125 -0.270412 -0.047367 0.945865
1341848005.742964 0.154469 -4.276650 -0.981090 -0.169063 -0.269628 -0.045428 0.946919
1341848005.772964 0.153698 -4.280980 -0.974290 -0.164880 -0.268504 -0.043281 0.948075
1341848005.802964 0.152529 -4.284130 -0.967748 -0.160946 -0.267204 -0.040714 0.949232
1341848005.832964 0.152240 -4.289670 -0.961820 -0.156800 -0.265490 -0.037401 0.950542
1341848005.862964 0.151890 -4.292670 -0.955332 -0.152119 -0.262733 -0.033910 0.952198
1341848005.892964 0.149661 -4.295580 -0.950941 -0.148301 -0.259264 -0.030846 0.953854
1341848005.922964 0.148264 -4.298140 -0.945554 -0.145129 -0.256343 -0.029120 0.955185
1341848005.952964 0.146817 -4.300820 -0.940469 -0.142720 -0.254137 -0.027944 0.956172
1341848005.982964 0.145765 -4.304870 -0.935226 -0.139866 -0.252606 -0.026611 0.957037
1341848006.012964 0.145035 -4.310490 -0.930535 -0.136715 -0.251029 -0.024731 0.957957
1341848006.042964 0.145013 -4.314240 -0.925401 -0.132841 -0.249019 -0.022386 0.959084
1341848006.072964 0.143837 -4.316940 -0.920974 -0.129009 -0.246332 -0.020253 0.960347
1341848006.102964 0.142963 -4.322350 -0.917743 -0.126127 -0.243724 -0.018978 0.961421
1341848006.132964 0.142100 -4.326410 -0.913867 -0.122958 -0.241347 -0.018455 0.962441
1341848006.162964 0.141280 -4.332600 -0.910689 -0.120439 -0.239171 -0.018138 0.963308
1341848006.192964 0.140452 -4.336940 -0.907237 -0.117672 -0.237371 -0.018286 0.964092
1341848006.222964 0.139410 -4.340420 -0.903367 -0.115443 -0.236170 -0.018268 0.964657
1341848006.252964 0.139757 -4.346390 -0.899663 -0.113275 -0.235260 -0.018107 0.965139
1341848006.282964 0.138801 -4.350750 -0.896945 -0.110139 -0.233556 -0.017134 0.965934
1341848006.312963 0.138475 -4.353740 -0.893587 -0.107139 -0.231621 -0.015979 0.966756
1341848006.342963 0.138834 -4.357500 -0.890329 -0.105228 -0.229277 -0.014497 0.967548
1341848006.372963 0.138395 -4.360690 -0.887799 -0.103515 -0.226406 -0.013092 0.968428
1341848006.402963 0.137291 -4.361960 -0.885029 -0.102695 -0.224309 -0.012487 0.969011
1341848006.432963 0.136069 -4.364510 -0.882752 -0.102744 -0.223259 -0.012182 0.969253
1341848006.462963 0.136414 -4.371170 -0.881167 -0.102222 -0.222666 -0.011837 0.969448
1341848006.492963 0.135731 -4.376520 -0.880094 -0.100300 -0.221458 -0.011443 0.969930
1341848006.522963 0.135407 -4.380280 -0.877753 -0.098114 -0.220815 -0.011021 0.970306
1341848006.552963 0.135264 -4.384760 -0.876030 -0.096161 -0.220293 -0.010995 0.970620
1341848006.582963 0.135194 -4.391550 -0.875347 -0.094031 -0.219484 -0.010599 0.971016
1341848006.612963 0.135383 -4.395240 -0.873810 -0.091150 -0.218435 -0.010148 0.971532
1341848006.642963 0.134401 -4.396540 -0.872229 -0.088757 -0.216832 -0.010007 0.972114
1341848006.672963 0.133093 -4.398270 -0.871276 -0.087179 -0.215542 -0.010691 0.972536
1341848006.702963 0.133291 -4.401360 -0.869718 -0.086070 -0.215537 -0.011287 0.972630
1341848006.732963 0.132623 -4.405510 -0.869226 -0.084759 -0.215453 -0.010856 0.972768
1341848006.762963 0.133280 -4.409150 -0.868383 -0.082899 -0.215016 -0.010448 0.973030
1341848006.792963 0.132252 -4.411970 -0.868210 -0.080776 -0.213755 -0.010042 0.973490
1341848006.822963 0.131233 -4.414040 -0.867668 -0.078955 -0.212806 -0.009938 0.973848
1341848006.852963 0.130012 -4.417490 -0.867303 -0.077343 -0.212313 -0.009545 0.974089
1341848006.882963 0.129552 -4.419730 -0.865988 -0.075422 -0.212031 -0.009278 0.974304
1341848006.912963 0.128790 -4.421220 -0.864847 -0.073517 -0.211823 -0.008802 0.974499
1341848006.942963 0.127167 -4.421080 -0.863238 -0.071998 -0.211704 -0.008214 0.974644
1341848006.972963 0.126325 -4.422110 -0.861831 -0.071279 -0.212025 -0.007756 0.974630
1341848007.002963 0.125376 -4.422490 -0.860302 -0.070633 -0.212196 -0.007688 0.974641
1341848007.032963 0.124227 -4.422410 -0.859054 -0.070526 -0.212168 -0.007899 0.974653
1341848007.062963 0.123327 -4.423620 -0.857951 -0.070564 -0.211992 -0.007971 0.974688
1341848007.092963 0.122616 -4.422740 -0.856429 -0.070370 -0.211878 -0.008284 0.974724
1341848007.122963 0.121512 -4.423060 -0.855027 -0.071109 -0.211869 -0.008733 0.974668
1341848007.152963 0.122070 -4.427460 -0.854633 -0.071068 -0.211851 -0.009289 0.974670
