1341847980.722988 0.790932 -1.300000 1.462270 0.000000 0.999941 0.000000 -0.010900
1341847980.752988 0.791329 -1.299140 1.461940 -0.000119 0.999948 -0.000168 -0.010212
1341847980.782988 0.796069 -1.298060 1.461930 -0.000229 0.999948 0.000281 -0.010169
1341847980.812988 0.794277 -1.298840 1.463160 -0.000054 0.999961 0.000915 -0.008816
1341847980.842988 0.797306 -1.298030 1.461550 0.000117 0.999958 0.000834 -0.009116
1341847980.872988 0.796434 -1.298590 1.462480 0.000201 0.999961 0.001160 -0.008758
1341847980.902988 0.796550 -1.298740 1.462150 0.000096 0.999962 0.000948 -0.008658
1341847980.932988 0.797993 -1.298580 1.462290 0.000029 0.999961 0.000958 -0.008732
1341847980.962988 0.799978 -1.299190 1.462200 0.000308 0.999960 0.000882 -0.008884
1341847980.992988 0.800062 -1.298040 1.461640 0.000615 0.999961 0.000590 -0.008743
1341847981.022988 0.801053 -1.298920 1.460920 0.001112 0.999961 0.000764 -0.008678
1341847981.052988 0.801084 -1.299150 1.461740 0.001781 0.999960 0.000405 -0.008709
1341847981.082988 0.803530 -1.299330 1.461100 0.002357 0.999951 0.000064 -0.009580
1341847981.112988 0.803490 -1.298250 1.461730 0.002596 0.999951 -0.000554 -0.009523
1341847981.142987 0.806567 -1.297130 1.460890 0.002717 0.999944 -0.000386 -0.010226
1341847981.172987 0.805760 -1.298940 1.462000 0.002952 0.999945 0.000237 -0.010066
1341847981.202987 0.807875 -1.300270 1.463390 0.003217 0.999934 -0.000316 -0.010990
1341847981.232987 0.809393 -1.300130 1.462360 0.003252 0.999928 -0.001361 -0.011463
1341847981.262987 0.810893 -1.299860 1.462760 0.003601 0.999920 -0.001945 -0.011962
1341847981.292987 0.813956 -1.301110 1.463050 0.004151 0.999904 -0.002313 -0.013007
1341847981.322987 0.816903 -1.300200 1.462650 0.004327 0.999886 -0.003205 -0.014123
1341847981.352987 0.822600 -1.301020 1.462990 0.004169 0.999863 -0.003282 -0.015678
1341847981.382987 0.822036 -1.301910 1.464680 0.004162 0.999852 -0.003923 -0.016205
1341847981.412987 0.830428 -1.300430 1.465120 0.004122 0.999807 -0.004979 -0.018574
1341847981.442987 0.831584 -1.299200 1.465890 0.004431 0.999787 -0.004879 -0.019551
1341847981.472987 0.837838 -1.300740 1.464880 0.004357 0.999742 -0.004002 -0.021947
1341847981.502987 0.843533 -1.301450 1.466960 0.003801 0.999689 -0.004509 -0.024233
1341847981.532987 0.848352 -1.299670 1.467150 0.003114 0.999645 -0.005215 -0.025938
1341847981.562987 0.854471 -1.299460 1.469780 0.002391 0.999591 -0.004791 -0.028095
1341847981.592987 0.864030 -1.300250 1.467600 0.001950 0.999513 -0.004545 -0.030820
1341847981.622987 0.870512 -1.299510 1.469290 0.001613 0.999452 -0.005124 -0.032658
1341847981.652987 0.877352 -1.299150 1.471440 0.001170 0.999376 -0.005000 -0.034938
1341847981.682987 0.882890 -1.299530 1.471590 0.000537 0.999320 -0.004722 -0.036566
1341847981.712987 0.911173 -1.300180 1.471340 0.000776 0.999146 -0.004698 -0.041053
1341847981.742987 0.914660 -1.299430 1.473940 -0.000458 0.999108 -0.005085 -0.041925
1341847981.772987 0.920399 -1.298570 1.475610 -0.002254 0.999070 -0.004699 -0.042804
1341847981.802987 0.931222 -1.300620 1.474130 -0.003018 0.998991 -0.003988 -0.044643
1341847981.832987 0.943038 -1.301160 1.473150 -0.003233 0.998864 -0.004668 -0.047311
1341847981.862987 0.946291 -1.301810 1.476460 -0.003047 0.998801 -0.005240 -0.048585
1341847981.892987 0.956230 -1.303460 1.475550 -0.002594 0.998657 -0.005934 -0.051403
1341847981.922987 0.966590 -1.304580 1.473620 -0.001935 0.998493 -0.007349 -0.054346
1341847981.952987 0.979887 -1.303110 1.471120 -0.001767 0.998317 -0.009159 -0.057241
1341847981.982987 0.986612 -1.302650 1.467630 -0.001379 0.998268 -0.009701 -0.058010
1341847982.012987 0.992930 -1.303360 1.469610 -0.000659 0.998194 -0.010030 -0.059225
1341847982.042987 1.001290 -1.301310 1.465730 0.000011 0.998128 -0.010750 -0.060212
1341847982.072987 1.007260 -1.300780 1.465510 0.000598 0.998097 -0.010160 -0.060817
1341847982.102987 1.010250 -1.302640 1.465770 0.001667 0.998092 -0.009273 -0.061014
1341847982.132987 1.014740 -1.302900 1.464580 0.002482 0.998047 -0.009629 -0.061664
1341847982.162987 1.022010 -1.301810 1.463630 0.002489 0.997961 -0.009777 -0.063021
1341847982.192986 1.036230 -1.302110 1.458420 0.002037 0.997812 -0.008933 -0.065474
1341847982.222986 1.034610 -1.302270 1.461460 0.001725 0.997859 -0.008448 -0.064830
1341847982.252986 1.038600 -1.301890 1.462090 0.001763 0.997823 -0.007541 -0.065494
1341847982.282986 1.040620 -1.304260 1.465270 0.002576 0.997808 -0.006109 -0.065839
1341847982.312986 1.053590 -1.305830 1.459240 0.003573 0.997690 -0.006098 -0.067557
1341847982.342986 1.055860 -1.305080 1.459490 0.004671 0.997691 -0.006813 -0.067417
1341847982.372986 1.075650 -1.304650 1.449920 0.005313 0.997422 -0.006508 -0.071269
1341847982.402986 1.080520 -1.307340 1.449230 0.005672 0.997383 -0.005726 -0.071854
1341847982.432986 1.089800 -1.307990 1.446260 0.005024 0.997265 -0.006737 -0.073434
1341847982.462986 1.103850 -1.305660 1.440280 0.003701 0.997049 -0.007486 -0.076306
1341847982.492986 1.107010 -1.307370 1.442150 0.002438 0.997027 -0.006635 -0.076730
1341847982.522986 1.113790 -1.308850 1.442230 0.001138 0.996908 -0.007170 -0.078238
1341847982.552986 1.137370 -1.308250 1.431430 -0.000373 0.996417 -0.008159 -0.084177
1341847982.582986 1.145990 -1.309390 1.430090 -0.001855 0.996127 -0.008907 -0.087459
1341847982.612986 1.158470 -1.308190 1.425280 -0.004114 0.995758 -0.010261 -0.091350
1341847982.642986 1.172200 -1.308350 1.421260 -0.006317 0.995368 -0.011026 -0.095292
1341847982.672986 1.182850 -1.307050 1.419090 -0.007670 0.995002 -0.012402 -0.098784
1341847982.702986 1.193080 -1.304560 1.416600 -0.008835 0.994623 -0.013244 -0.102329
1341847982.732986 1.204240 -1.304770 1.417070 -0.009388 0.994287 -0.013070 -0.105516
1341847982.762986 1.213710 -1.304500 1.412390 -0.009209 0.993989 -0.013799 -0.108214
1341847982.792986 1.222660 -1.302710 1.412560 -0.008800 0.993688 -0.015067 -0.110811
1341847982.822986 1.229900 -1.302120 1.415500 -0.007624 0.993528 -0.015776 -0.112227
1341847982.852986 1.245950 -1.296960 1.412240 -0.004078 0.992955 -0.017275 -0.117158
1341847982.882986 1.255900 -1.295580 1.410360 -0.002629 0.992617 -0.016904 -0.120081
1341847982.912986 1.258100 -1.293910 1.413470 -0.001040 0.992482 -0.016727 -0.121238
1341847982.942986 1.259550 -1.290240 1.416230 0.000346 0.992395 -0.016728 -0.121949
1341847982.972986 1.257760 -1.287100 1.424370 0.001560 0.992295 -0.015272 -0.122945
1341847983.002986 1.258360 -1.286790 1.431160 0.002637 0.992110 -0.012941 -0.124669
1341847983.032986 1.256790 -1.285520 1.438390 0.002999 0.991921 -0.011692 -0.126280
1341847983.062986 1.263730 -1.282450 1.440390 0.002796 0.991484 -0.010898 -0.129739
1341847983.092986 1.267260 -1.279600 1.444030 0.002468 0.991136 -0.009222 -0.132510
1341847983.122986 1.279140 -1.280560 1.440790 0.001997 0.990552 -0.007040 -0.136942
1341847983.152986 1.287600 -1.280480 1.441090 0.001028 0.989941 -0.007020 -0.141304
1341847983.182986 1.295430 -1.278410 1.444050 -0.000278 0.989346 -0.007424 -0.145393
1341847983.212986 1.307950 -1.279540 1.443540 -0.001101 0.988623 -0.007173 -0.150242
1341847983.242985 1.321530 -1.278570 1.442870 -0.001826 0.987717 -0.008243 -0.156023
1341847983.272985 1.336240 -1.277850 1.438520 -0.003157 0.986666 -0.008500 -0.162507
1341847983.302985 1.345980 -1.278970 1.438630 -0.005131 0.986047 -0.008745 -0.166158
1341847983.332985 1.358990 -1.278620 1.438040 -0.007284 0.985385 -0.009541 -0.169917
1341847983.362985 1.368310 -1.278410 1.437700 -0.009368 0.984807 -0.009823 -0.173124
1341847983.392985 1.375840 -1.280210 1.438780 -0.011213 0.984337 -0.009667 -0.175675
1341847983.422985 1.390280 -1.281460 1.435460 -0.012643 0.983582 -0.010672 -0.179704
1341847983.452985 1.405360 -1.279330 1.429960 -0.013738 0.982705 -0.012193 -0.184262
1341847983.482985 1.410200 -1.280260 1.433260 -0.014394 0.982379 -0.011925 -0.185961
1341847983.512985 1.417440 -1.282630 1.433540 -0.014833 0.981904 -0.012096 -0.188411
1341847983.542985 1.430350 -1.281300 1.426730 -0.015540 0.981213 -0.013225 -0.191846
1341847983.572985 1.440520 -1.281850 1.426950 -0.015958 0.980600 -0.013071 -0.194933
1341847983.602985 1.446030 -1.284580 1.424930 -0.016052 0.980241 -0.013041 -0.196722
1341847983.632985 1.460510 -1.285200 1.420560 -0.016502 0.979407 -0.014410 -0.200702
1341847983.662985 1.465980 -1.283790 1.417330 -0.016888 0.979011 -0.015624 -0.202506
1341847983.692985 1.474160 -1.284260 1.413110 -0.016913 0.978493 -0.015486 -0.205001
1341847983.722985 1.482650 -1.285960 1.406920 -0.016664 0.977892 -0.015315 -0.207883
1341847983.752985 1.486210 -1.287420 1.405220 -0.016107 0.977640 -0.015777 -0.209073
1341847983.782985 1.496770 -1.287860 1.398370 -0.015949 0.976887 -0.016284 -0.212538
1341847983.812985 1.509200 -1.289620 1.385300 -0.016271 0.975920 -0.016280 -0.216913
1341847983.842985 1.511960 -1.289860 1.383470 -0.017148 0.975426 -0.017156 -0.218990
1341847983.872985 1.518240 -1.289220 1.378290 -0.018129 0.974772 -0.017087 -0.221810
1341847983.902985 1.518650 -1.292510 1.381950 -0.018717 0.974583 -0.016230 -0.222653
1341847983.932985 1.528130 -1.293500 1.373310 -0.018603 0.973820 -0.017148 -0.225909
1341847983.962985 1.529900 -1.293460 1.372200 -0.019110 0.973289 -0.018272 -0.228055
1341847983.992985 1.537590 -1.294020 1.363650 -0.020052 0.972260 -0.018887 -0.232276
1341847984.022985 1.543800 -1.295340 1.356830 -0.020923 0.971350 -0.019759 -0.235906
1341847984.052985 1.551510 -1.294780 1.348810 -0.021795 0.970235 -0.021332 -0.240239
1341847984.082985 1.555650 -1.294920 1.344510 -0.022739 0.969327 -0.022329 -0.243701
1341847984.112985 1.566130 -1.295090 1.332000 -0.024133 0.967922 -0.023282 -0.249003
1341847984.142985 1.566880 -1.295100 1.330130 -0.025312 0.967216 -0.024797 -0.251473
1341847984.172985 1.576960 -1.292530 1.317890 -0.026663 0.965808 -0.026386 -0.256529
1341847984.202985 1.584440 -1.289570 1.307280 -0.027608 0.964812 -0.026391 -0.260151
1341847984.232985 1.589920 -1.291180 1.302980 -0.027623 0.963896 -0.025204 -0.263639
1341847984.262985 1.596100 -1.291610 1.295810 -0.027219 0.962847 -0.025654 -0.267443
1341847984.292984 1.602710 -1.290350 1.287410 -0.026969 0.961734 -0.026388 -0.271376
1341847984.322984 1.611710 -1.290740 1.269450 -0.026396 0.960487 -0.026717 -0.275781
1341847984.352984 1.613260 -1.289320 1.268640 -0.026042 0.959843 -0.028269 -0.277894
1341847984.382984 1.618770 -1.285180 1.262150 -0.026335 0.958940 -0.028644 -0.280928
1341847984.412984 1.627700 -1.284400 1.246020 -0.026627 0.957603 -0.026912 -0.285592
1341847984.442984 1.631980 -1.284590 1.240910 -0.027225 0.956559 -0.025866 -0.289110
1341847984.472984 1.636640 -1.283400 1.233480 -0.027599 0.955539 -0.025489 -0.292463
1341847984.502984 1.645780 -1.282460 1.216330 -0.027438 0.953960 -0.025107 -0.297620
1341847984.532984 1.651130 -1.282640 1.210400 -0.027161 0.952785 -0.025275 -0.301371
1341847984.562984 1.654970 -1.282270 1.203620 -0.027290 0.951688 -0.025711 -0.304769
1341847984.592984 1.663300 -1.282360 1.185350 -0.027977 0.950046 -0.025887 -0.309775
1341847984.622984 1.666850 -1.281790 1.181190 -0.029207 0.948838 -0.026403 -0.313299
1341847984.652984 1.667280 -1.282110 1.183460 -0.030231 0.947790 -0.026480 -0.316354
1341847984.682984 1.677140 -1.281890 1.164150 -0.030971 0.945637 -0.026873 -0.322630
1341847984.712984 1.685590 -1.279440 1.147550 -0.032114 0.943164 -0.027401 -0.329636
1341847984.742984 1.688750 -1.279060 1.143530 -0.033187 0.941455 -0.026726 -0.334436
1341847984.772984 1.695450 -1.279000 1.131270 -0.034450 0.939549 -0.025908 -0.339691
1341847984.802984 1.700510 -1.278640 1.121950 -0.035962 0.938135 -0.025431 -0.343458
1341847984.832984 1.706040 -1.279470 1.117090 -0.037338 0.936468 -0.024678 -0.347886
1341847984.862984 1.711960 -1.281510 1.111700 -0.038722 0.934504 -0.024687 -0.352977
1341847984.892984 1.720960 -1.280770 1.097210 -0.040398 0.931926 -0.026268 -0.359433
1341847984.922984 1.726280 -1.279530 1.091570 -0.041704 0.929861 -0.027713 -0.364488
1341847984.952984 1.735170 -1.279490 1.076680 -0.042970 0.927312 -0.028425 -0.370726
1341847984.982984 1.740240 -1.277230 1.066560 -0.044753 0.925308 -0.029528 -0.375407
1341847985.012984 1.746370 -1.275520 1.058530 -0.046175 0.923400 -0.029088 -0.379941
1341847985.042984 1.751780 -1.276420 1.051670 -0.046944 0.921729 -0.027896 -0.383970
1341847985.072984 1.757400 -1.276320 1.042110 -0.047501 0.919816 -0.027287 -0.388507
1341847985.102984 1.767160 -1.277090 1.020970 -0.047620 0.916742 -0.026916 -0.395716
1341847985.132984 1.768480 -1.277240 1.017580 -0.047717 0.915089 -0.027588 -0.399466
1341847985.162984 1.772610 -1.276480 1.006440 -0.047974 0.912925 -0.028126 -0.404320
1341847985.192984 1.776050 -1.276730 0.997610 -0.048190 0.911169 -0.028433 -0.408216
1341847985.222984 1.779140 -1.276290 0.987783 -0.048395 0.909482 -0.029290 -0.411877
1341847985.252984 1.782020 -1.274940 0.976927 -0.048807 0.907571 -0.029847 -0.415984
1341847985.282984 1.785480 -1.275990 0.968315 -0.049301 0.905710 -0.029723 -0.419970
1341847985.312984 1.789710 -1.276610 0.955901 -0.050420 0.903753 -0.030258 -0.423996
1341847985.342983 1.791210 -1.277490 0.948270 -0.052151 0.902036 -0.030969 -0.427379
1341847985.372983 1.795570 -1.276340 0.933294 -0.054314 0.899684 -0.031851 -0.431977
1341847985.402983 1.797580 -1.275690 0.922434 -0.056287 0.897363 -0.032065 -0.436513
1341847985.432983 1.800200 -1.275330 0.905980 -0.058106 0.894859 -0.031829 -0.441404
1341847985.462983 1.800570 -1.275960 0.898312 -0.059418 0.892783 -0.031554 -0.445435
1341847985.492983 1.801410 -1.274510 0.882861 -0.060795 0.890152 -0.031712 -0.450475
1341847985.522983 1.801030 -1.274020 0.872227 -0.061066 0.887750 -0.031106 -0.455197
1341847985.552983 1.800910 -1.275800 0.861094 -0.060874 0.885169 -0.030522 -0.460259
1341847985.582983 1.801600 -1.274490 0.848007 -0.060939 0.882381 -0.031044 -0.465540
1341847985.612983 1.801470 -1.273150 0.836127 -0.060415 0.879983 -0.031008 -0.470126
1341847985.642983 1.802120 -1.271930 0.818149 -0.059560 0.877388 -0.030686 -0.475080
1341847985.672983 1.801080 -1.271250 0.806867 -0.058123 0.875409 -0.030391 -0.478913
1341847985.702983 1.799810 -1.269320 0.796507 -0.056885 0.873840 -0.030235 -0.481927
1341847985.732983 1.799010 -1.269150 0.784098 -0.055716 0.872304 -0.028944 -0.484916
1341847985.762983 1.798670 -1.271340 0.769664 -0.055038 0.870628 -0.028575 -0.488018
1341847985.792983 1.800300 -1.269270 0.752399 -0.055633 0.868219 -0.030005 -0.492139
1341847985.822983 1.799050 -1.266460 0.743238 -0.056320 0.866501 -0.030591 -0.495044
1341847985.852983 1.798260 -1.265170 0.730330 -0.056472 0.864907 -0.030017 -0.497842
1341847985.882983 1.798340 -1.263600 0.716318 0.056518 -0.863359 0.029535 0.500544
1341847985.912983 1.799160 -1.261830 0.703685 0.056545 -0.862133 0.028871 0.502688
1341847985.942983 1.798410 -1.260940 0.691803 0.056502 -0.861349 0.027976 0.504086
1341847985.972983 1.799500 -1.260560 0.677097 0.056015 -0.860929 0.027435 0.504886
1341847986.002983 1.798280 -1.262950 0.670133 0.054827 -0.861040 0.027633 0.504817
1341847986.032983 1.796860 -1.263450 0.662888 0.054401 -0.860566 0.030021 0.505534
1341847986.062983 1.796370 -1.260850 0.649316 0.054845 -0.859250 0.032453 0.507571
1341847986.092983 1.795290 -1.258430 0.636317 0.054895 -0.857932 0.033473 0.509724
1341847986.122983 1.792930 -1.257730 0.625579 0.054402 -0.856639 0.033701 0.511932
1341847986.152983 1.792940 -1.257470 0.611646 0.054067 -0.854757 0.033884 0.515092
1341847986.182983 1.794340 -1.256920 0.595313 0.053626 -0.852999 0.034482 0.518003
1341847986.212983 1.791940 -1.257300 0.584810 0.053503 -0.851730 0.035186 0.520053
1341847986.242983 1.790090 -1.256940 0.569488 0.053692 -0.849639 0.036205 0.523373
1341847986.272983 1.789880 -1.257220 0.551298 0.054029 -0.847014 0.037025 0.527520
1341847986.302983 1.786580 -1.257150 0.542980 0.054636 -0.844482 0.038496 0.531398
1341847986.332983 1.783910 -1.253550 0.527610 0.055598 -0.841377 0.039686 0.536114
1341847986.362983 1.781400 -1.250820 0.509986 0.055520 -0.838172 0.038991 0.541171
1341847986.392982 1.778820 -1.251910 0.495317 0.054764 -0.835468 0.037701 0.545503
1341847986.422982 1.777190 -1.249630 0.479016 0.055073 -0.832327 0.038035 0.550229
1341847986.452982 1.773240 -1.243510 0.464104 0.055583 -0.829333 0.037444 0.554721
1341847986.482982 1.772840 -1.243090 0.445824 0.054360 -0.826130 0.034062 0.559815
1341847986.512982 1.772800 -1.247150 0.429613 0.053320 -0.822932 0.032333 0.564708
1341847986.542982 1.771340 -1.247410 0.416704 0.054171 -0.819622 0.034064 0.569320
1341847986.572982 1.769120 -1.243780 0.399883 0.055715 -0.816190 0.036483 0.573932
1341847986.602982 1.767070 -1.240270 0.387991 0.057051 -0.812932 0.037462 0.578345
1341847986.632982 1.765590 -1.236560 0.371228 0.058187 -0.809154 0.036944 0.583540
1341847986.662982 1.763210 -1.235550 0.355552 0.058684 -0.805937 0.034915 0.588049
1341847986.692982 1.762810 -1.237070 0.341648 0.059083 -0.802799 0.033264 0.592382
1341847986.722982 1.761760 -1.236580 0.322949 0.060181 -0.799059 0.033240 0.597309
1341847986.752982 1.758730 -1.235730 0.312614 0.061385 -0.796144 0.033383 0.601060
1341847986.782982 1.756120 -1.233900 0.295374 0.062379 -0.792757 0.033248 0.605426
1341847986.812982 1.753960 -1.234430 0.282912 0.062891 -0.790014 0.032273 0.609000
1341847986.842982 1.750830 -1.235450 0.271291 0.063452 -0.787932 0.031994 0.611648
1341847986.872982 1.747210 -1.235300 0.257850 0.063974 -0.785853 0.033050 0.614207
1341847986.902982 1.742440 -1.232340 0.244353 0.064588 -0.783855 0.034371 0.616618
1341847986.932982 1.737960 -1.230210 0.231743 0.064081 -0.782343 0.034410 0.618587
1341847986.962982 1.733150 -1.228350 0.218912 0.063115 -0.780335 0.033988 0.621239
1341847986.992982 1.727280 -1.227610 0.207934 0.061482 -0.778197 0.032916 0.624137
1341847987.022982 1.721990 -1.229450 0.194288 0.059903 -0.775366 0.031882 0.627856
1341847987.052982 1.714500 -1.226500 0.182834 0.059530 -0.773099 0.032422 0.630652
1341847987.082982 1.707740 -1.222700 0.168470 0.058393 -0.770352 0.031406 0.634162
1341847987.112982 1.700440 -1.222610 0.156298 0.056084 -0.768479 0.028882 0.636758
1341847987.142982 1.692370 -1.223170 0.146109 0.054724 -0.766794 0.026759 0.638996
1341847987.172982 1.682880 -1.218780 0.134619 0.054365 -0.765197 0.025533 0.640989
1341847987.202982 1.673600 -1.215780 0.118078 0.052647 -0.763237 0.022560 0.643575
1341847987.232982 1.664890 -1.216050 0.108986 0.050501 -0.762002 0.019760 0.645300
1341847987.262982 1.654580 -1.213350 0.098896 0.049399 -0.760145 0.018223 0.647616
1341847987.292982 1.643790 -1.208530 0.087367 0.048182 -0.757771 0.016449 0.650531
1341847987.322982 1.633830 -1.207420 0.075592 0.046171 -0.755053 0.013528 0.653896
1341847987.352982 1.624260 -1.205780 0.061326 0.044802 -0.752454 0.011635 0.657016
1341847987.382982 1.613400 -1.202740 0.052014 0.043665 -0.750411 0.010118 0.659450
1341847987.412982 1.602390 -1.199800 0.041402 0.042358 -0.747779 0.008451 0.662541
1341847987.442981 1.591750 -1.197160 0.033601 0.041317 -0.745426 0.006381 0.665276
1341847987.472981 1.581190 -1.193210 0.022370 0.040861 -0.742886 0.003963 0.668158
1341847987.502981 1.568940 -1.187330 0.014112 0.040438 -0.741460 0.001023 0.669777
1341847987.532981 1.557150 -1.181530 0.000700 0.038958 -0.740133 -0.002690 0.671325
1341847987.562981 1.546360 -1.177490 -0.006615 0.036543 -0.739562 -0.006696 0.672062
1341847987.592981 1.535380 -1.173380 -0.013217 0.033510 -0.739037 -0.010292 0.672753
1341847987.622981 1.525960 -1.172340 -0.020422 0.029234 -0.738304 -0.013194 0.673705
1341847987.652981 1.516320 -1.169380 -0.028556 0.025386 -0.737420 -0.014479 0.674802
1341847987.682981 1.506570 -1.166520 -0.035620 0.021709 -0.736654 -0.015648 0.675740
1341847987.712981 1.496500 -1.162790 -0.042283 0.018475 -0.735503 -0.016683 0.677064
1341847987.742981 1.486290 -1.159430 -0.049267 0.015580 -0.734271 -0.018114 0.678436
1341847987.772981 1.476680 -1.156710 -0.057550 0.012931 -0.733169 -0.019495 0.679644
1341847987.802981 1.466610 -1.152500 -0.063673 0.010885 -0.732361 -0.020407 0.680523
1341847987.832981 1.455620 -1.146510 -0.071243 0.008990 -0.731451 -0.021728 0.681489
1341847987.862981 1.444750 -1.141250 -0.078455 0.006589 -0.730537 -0.023809 0.682426
1341847987.892981 1.434420 -1.136460 -0.086900 0.003964 -0.729494 -0.026186 0.683474
1341847987.922981 1.424960 -1.135590 -0.095336 0.001313 -0.728239 -0.029492 0.684688
1341847987.952981 1.415020 -1.132970 -0.103598 -0.000626 -0.726936 -0.031421 0.685985
1341847987.982981 1.403910 -1.126960 -0.111154 -0.002397 -0.725325 -0.032228 0.687648
1341847988.012981 1.392440 -1.120520 -0.119022 -0.004935 -0.722719 -0.033813 0.690297
1341847988.042981 1.382000 -1.118010 -0.126797 -0.007806 -0.719591 -0.036904 0.693373
1341847988.072981 1.371480 -1.115130 -0.135560 -0.009755 -0.716414 -0.039918 0.696464
1341847988.102981 1.361800 -1.114860 -0.145337 -0.011249 -0.713345 -0.042999 0.699402
1341847988.132981 1.352300 -1.113090 -0.153681 -0.011670 -0.710141 -0.045052 0.702520
1341847988.162981 1.342120 -1.110760 -0.161117 -0.011272 -0.706570 -0.047399 0.705964
1341847988.192981 1.332260 -1.108590 -0.169936 -0.011035 -0.702471 -0.049247 0.709921
1341847988.222981 1.322010 -1.105510 -0.178534 -0.010824 -0.698227 -0.050865 0.713985
1341847988.252981 1.313260 -1.106400 -0.188890 -0.011386 -0.694061 -0.052635 0.717899
1341847988.282981 1.305470 -1.109510 -0.198617 -0.011027 -0.690620 -0.053198 0.721175
1341847988.312981 1.295550 -1.105690 -0.207313 -0.008960 -0.687394 -0.052381 0.724338
1341847988.342981 1.284500 -1.098800 -0.216017 -0.007026 -0.684522 -0.052229 0.727085
1341847988.372981 1.273140 -1.093920 -0.224310 -0.006356 -0.682114 -0.053771 0.729238
1341847988.402981 1.263580 -1.094190 -0.232951 -0.006799 -0.679698 -0.055575 0.731352
1341847988.432981 1.253080 -1.089080 -0.241582 -0.006858 -0.676757 -0.055604 0.734071
1341847988.462981 1.242480 -1.085210 -0.247819 -0.007944 -0.673451 -0.056466 0.737030
1341847988.492980 1.232340 -1.083610 -0.255891 -0.009552 -0.669528 -0.057401 0.740504
1341847988.522980 1.222620 -1.084070 -0.262582 -0.010919 -0.666437 -0.058057 0.743217
1341847988.552980 1.212960 -1.083800 -0.269655 -0.011539 -0.663445 -0.057798 0.745900
1341847988.582980 1.202060 -1.082340 -0.275153 -0.012046 -0.660946 -0.057259 0.748149
1341847988.612980 1.191620 -1.082680 -0.280921 -0.012837 -0.658693 -0.056941 0.750144
1341847988.642980 1.180260 -1.080830 -0.286941 -0.013007 -0.656995 -0.056530 0.751660
1341847988.672980 1.168170 -1.078470 -0.291069 -0.013767 -0.656005 -0.056215 0.752535
1341847988.702980 1.156840 -1.079390 -0.294916 -0.014992 -0.655003 -0.056501 0.753362
1341847988.732980 1.145400 -1.079950 -0.300866 -0.016046 -0.653366 -0.056025 0.754795
1341847988.762980 1.133450 -1.080070 -0.302965 -0.016778 -0.651971 -0.055357 0.756034
1341847988.792980 1.107860 -1.075300 -0.313001 -0.017649 -0.648839 -0.054825 0.758743
1341847988.822980 1.093460 -1.071550 -0.316066 -0.019723 -0.648165 -0.056382 0.759153
1341847988.852980 1.081450 -1.073420 -0.319445 -0.022985 -0.647264 -0.058847 0.759644
1341847988.882980 1.068750 -1.072690 -0.323726 -0.024788 -0.645742 -0.059931 0.760796
1341847988.912980 1.055410 -1.071480 -0.327129 -0.026606 -0.644260 -0.060670 0.761932
1341847988.942980 1.042470 -1.071490 -0.329651 -0.028312 -0.643112 -0.060889 0.762822
1341847988.972980 1.028930 -1.069620 -0.333185 -0.029643 -0.641931 -0.060034 0.763834
1341847989.002980 1.015300 -1.068140 -0.336335 -0.031366 -0.640733 -0.059608 0.764804
1341847989.032980 1.001660 -1.066390 -0.339489 -0.033117 -0.639671 -0.059822 0.765601
1341847989.062980 0.987626 -1.064600 -0.343188 -0.035011 -0.638728 -0.060544 0.766248
1341847989.092980 0.973559 -1.062090 -0.346151 -0.036880 -0.637925 -0.061132 0.766781
1341847989.122980 0.960365 -1.061250 -0.348533 -0.038672 -0.637020 -0.061840 0.767389
1341847989.152980 0.948415 -1.062210 -0.352952 -0.039896 -0.635612 -0.062287 0.768457
1341847989.182980 0.936070 -1.060880 -0.355188 -0.040059 -0.634375 -0.061926 0.769499
1341847989.212980 0.923397 -1.058750 -0.360398 -0.040801 -0.632865 -0.062163 0.770683
1341847989.242980 0.911737 -1.057670 -0.364333 -0.042163 -0.632166 -0.063519 0.771073
1341847989.272980 0.901122 -1.057660 -0.368124 -0.043143 -0.632348 -0.064586 0.770781
1341847989.302980 0.891533 -1.058050 -0.372035 -0.043285 -0.633115 -0.064402 0.770159
1341847989.332980 0.882576 -1.058130 -0.375852 -0.042928 -0.634254 -0.063312 0.769331
1341847989.362980 0.873924 -1.058260 -0.382150 -0.042482 -0.635179 -0.062190 0.768685
1341847989.392980 0.865494 -1.057820 -0.387850 -0.041533 -0.636294 -0.060887 0.767918
1341847989.422980 0.857805 -1.058740 -0.394745 -0.040791 -0.636991 -0.060093 0.767442
1341847989.452980 0.849656 -1.057720 -0.400343 -0.040254 -0.638038 -0.060046 0.766604
1341847989.482980 0.842536 -1.057450 -0.407069 -0.040138 -0.638660 -0.060508 0.766056
1341847989.512980 0.836276 -1.058190 -0.414204 -0.039646 -0.638653 -0.060590 0.766081
1341847989.542979 0.830453 -1.058190 -0.421076 -0.038664 -0.638053 -0.060186 0.766662
1341847989.572979 0.824459 -1.057990 -0.427472 -0.037793 -0.636896 -0.059275 0.767738
1341847989.602979 0.819420 -1.058450 -0.434928 -0.036875 -0.635472 -0.058310 0.769035
1341847989.632979 0.814362 -1.059090 -0.442813 -0.035659 -0.633649 -0.057294 0.770672
1341847989.662979 0.809141 -1.059040 -0.450897 -0.034793 -0.631694 -0.056783 0.772352
1341847989.692979 0.803965 -1.058190 -0.459103 -0.034407 -0.630128 -0.056419 0.773674
1341847989.722979 0.799140 -1.057890 -0.468197 -0.034186 -0.628631 -0.056049 0.774928
1341847989.752979 0.794971 -1.058060 -0.478026 -0.033527 -0.627282 -0.055415 0.776095
1341847989.782979 0.790565 -1.057720 -0.487881 -0.032419 -0.625877 -0.054697 0.777326
1341847989.812979 0.786460 -1.057480 -0.498043 -0.031019 -0.624527 -0.054236 0.778500
1341847989.842979 0.782558 -1.057540 -0.509349 -0.029717 -0.623268 -0.054379 0.779549
1341847989.872979 0.778717 -1.057560 -0.520796 -0.028686 -0.622323 -0.054996 0.780299
1341847989.902979 0.775217 -1.056840 -0.532251 -0.027129 -0.621492 -0.054522 0.781050
1341847989.932979 0.772350 -1.056700 -0.543892 -0.025480 -0.620318 -0.053807 0.782087
1341847989.962979 0.770205 -1.057050 -0.554757 -0.023479 -0.618797 -0.052885 0.783417
1341847989.992979 0.768302 -1.057570 -0.566652 -0.021209 -0.616884 -0.052214 0.785034
1341847990.022979 0.765872 -1.056740 -0.577378 -0.019127 -0.615503 -0.051804 0.786197
1341847990.052979 0.763037 -1.056970 -0.601271 -0.016288 -0.613603 -0.053150 0.787655
1341847990.082979 0.762226 -1.057160 -0.611980 -0.015241 -0.613810 -0.053655 0.787481
1341847990.112979 0.761924 -1.058280 -0.624570 -0.014343 -0.614209 -0.053663 0.787186
1341847990.142979 0.761253 -1.058030 -0.635911 -0.012925 -0.615449 -0.053123 0.786278
1341847990.172979 0.760818 -1.057730 -0.648142 -0.012312 -0.617170 -0.052937 0.784951
1341847990.202979 0.760882 -1.058360 -0.659684 -0.012163 -0.619635 -0.053071 0.782999
1341847990.232979 0.761290 -1.058810 -0.671196 -0.012187 -0.622551 -0.053144 0.780677
1341847990.262979 0.761809 -1.058610 -0.681273 -0.012199 -0.626061 -0.053012 0.777875
1341847990.292979 0.762782 -1.058390 -0.691602 -0.012223 -0.629739 -0.052349 0.774944
1341847990.322979 0.764695 -1.059460 -0.702233 -0.012838 -0.634150 -0.052111 0.771346
1341847990.352979 0.766120 -1.059060 -0.711583 -0.013418 -0.639369 -0.051918 0.767028
1341847990.382979 0.767891 -1.060110 -0.720213 -0.014158 -0.645157 -0.051922 0.762153
1341847990.412979 0.769674 -1.060670 -0.729356 -0.014552 -0.651437 -0.051463 0.756815
1341847990.442979 0.770848 -1.059730 -0.738355 -0.014702 -0.658139 -0.050767 0.751039
1341847990.472979 0.772654 -1.059990 -0.745543 -0.015021 -0.665295 -0.050802 0.744699
1341847990.502979 0.774428 -1.059500 -0.755176 -0.015486 -0.672880 -0.050418 0.737869
1341847990.532979 0.774828 -1.056700 -0.761456 -0.015092 -0.680586 -0.049951 0.730808
1341847990.562979 0.776238 -1.055790 -0.770438 -0.015400 -0.687738 -0.049558 0.724102
1341847990.592978 0.777952 -1.055420 -0.778331 -0.015802 -0.694565 -0.049529 0.717549
1341847990.622978 0.779467 -1.054710 -0.788063 -0.015968 -0.701048 -0.049261 0.711231
1341847990.652978 0.781126 -1.054140 -0.796456 -0.015434 -0.707344 -0.048406 0.705041
1341847990.682978 0.783013 -1.053820 -0.805880 -0.015099 -0.713515 -0.047860 0.698840
1341847990.712978 0.785080 -1.053870 -0.813876 -0.015382 -0.719781 -0.048334 0.692346
1341847990.742978 0.786949 -1.052850 -0.822634 -0.015278 -0.725531 -0.048862 0.686283
1341847990.772978 0.788245 -1.050910 -0.830508 -0.015268 -0.731748 -0.049503 0.679604
1341847990.802978 0.789767 -1.048480 -0.838025 -0.016467 -0.738484 -0.050265 0.672193
1341847990.832978 0.791428 -1.046840 -0.844301 -0.018043 -0.744875 -0.051970 0.664932
1341847990.862978 0.793724 -1.046840 -0.849864 -0.020004 -0.751011 -0.053499 0.657814
1341847990.892978 0.795992 -1.046450 -0.854926 -0.021042 -0.756689 -0.054281 0.651177
1341847990.922978 0.798052 -1.046000 -0.859711 -0.021840 -0.762619 -0.054674 0.644163
1341847990.952978 0.800043 -1.045640 -0.865408 -0.022511 -0.768153 -0.055193 0.637485
1341847990.982978 0.801892 -1.045370 -0.870226 -0.022339 -0.773328 -0.055550 0.631172
1341847991.012978 0.802841 -1.043710 -0.875723 -0.022292 -0.778787 -0.055783 0.624405
1341847991.042978 0.804621 -1.043840 -0.881223 -0.022960 -0.784236 -0.058202 0.617301
1341847991.072978 0.806150 -1.043950 -0.886279 -0.023838 -0.789646 -0.059814 0.610175
1341847991.102978 0.808370 -1.045310 -0.890838 -0.024050 -0.794167 -0.060407 0.604211
1341847991.132978 0.808778 -1.043070 -0.896607 -0.024335 -0.798103 -0.060703 0.598961
1341847991.162978 0.810293 -1.043380 -0.902405 -0.025399 -0.801615 -0.062387 0.594034
1341847991.192978 0.812090 -1.044800 -0.911231 -0.024769 -0.807374 -0.062838 0.586161
1341847991.222978 0.812035 -1.044110 -0.915449 -0.025050 -0.809865 -0.062942 0.582691
1341847991.252978 0.812489 -1.044500 -0.920115 -0.025644 -0.811367 -0.063265 0.580538
1341847991.282978 0.812735 -1.045450 -0.924406 -0.025593 -0.812514 -0.063167 0.578944
1341847991.312978 0.812307 -1.044920 -0.929178 -0.025513 -0.814073 -0.062449 0.576831
1341847991.342978 0.812729 -1.046340 -0.933934 -0.025298 -0.815741 -0.062325 0.574493
1341847991.372978 0.812316 -1.046450 -0.938579 -0.024762 -0.817580 -0.061419 0.571995
1341847991.402978 0.811830 -1.045950 -0.944165 -0.024973 -0.819240 -0.060573 0.569696
1341847991.432978 0.812021 -1.047320 -0.949585 -0.025312 -0.820420 -0.060675 0.567968
1341847991.462978 0.812529 -1.049100 -0.955076 -0.024861 -0.821241 -0.060334 0.566838
1341847991.492978 0.812535 -1.050360 -0.961212 -0.024310 -0.821963 -0.059426 0.565911
1341847991.522978 0.812500 -1.050490 -0.967663 -0.023361 -0.822527 -0.058526 0.565224
1341847991.552978 0.812370 -1.050270 -0.974211 -0.022593 -0.823181 -0.058041 0.564353
1341847991.582978 0.812069 -1.049370 -0.981385 -0.022819 -0.823641 -0.057995 0.563676
1341847991.612978 0.812268 -1.050040 -0.988616 -0.023161 -0.823700 -0.058671 0.563507
1341847991.642977 0.812706 -1.050920 -0.995688 -0.022979 -0.824000 -0.058575 0.563086
1341847991.672977 0.812636 -1.050050 -1.003540 -0.022911 -0.824185 -0.057790 0.562898
1341847991.702977 0.812477 -1.049120 -1.010830 -0.022780 -0.823858 -0.058018 0.563359
1341847991.732977 0.812509 -1.048620 -1.018490 -0.022215 -0.822949 -0.058473 0.564661
1341847991.762977 0.813126 -1.048890 -1.025930 -0.021080 -0.821854 -0.058602 0.566284
1341847991.792977 0.813159 -1.048500 -1.033830 -0.020055 -0.820623 -0.058333 0.568131
1341847991.822977 0.813069 -1.048780 -1.041080 -0.019335 -0.819169 -0.057801 0.570304
1341847991.852977 0.813132 -1.049280 -1.048120 -0.018435 -0.817174 -0.056445 0.573324
1341847991.882977 0.813107 -1.049480 -1.055450 -0.017290 -0.814510 -0.054862 0.577290
1341847991.912977 0.813134 -1.050180 -1.062790 -0.016399 -0.811356 -0.053158 0.581900
1341847991.942977 0.812737 -1.050610 -1.069760 -0.015109 -0.807630 -0.050953 0.587289
1341847991.972977 0.811581 -1.049310 -1.077140 -0.014005 -0.803574 -0.048137 0.593090
1341847992.002977 0.809005 -1.048250 -1.090240 -0.013455 -0.794802 -0.043698 0.605144
1341847992.032977 0.806958 -1.047100 -1.096720 -0.013555 -0.789853 -0.041397 0.611747
1341847992.062977 0.804973 -1.046660 -1.102370 -0.013495 -0.785261 -0.039825 0.617736
1341847992.092977 0.802107 -1.045590 -1.107680 -0.013142 -0.780565 -0.038648 0.623741
1341847992.122977 0.799638 -1.044610 -1.112710 -0.013008 -0.775749 -0.037803 0.629774
1341847992.152977 0.797316 -1.044210 -1.117460 -0.012609 -0.770623 -0.037248 0.636076
1341847992.182977 0.794563 -1.043240 -1.121940 -0.012347 -0.765258 -0.036803 0.642552
1341847992.212977 0.791673 -1.042600 -1.125710 -0.012441 -0.759635 -0.037070 0.649174
1341847992.242977 0.789129 -1.043050 -1.128240 -0.012793 -0.753812 -0.037993 0.655866
1341847992.272977 0.786050 -1.042430 -1.130340 -0.013743 -0.747679 -0.038942 0.662775
1341847992.302977 0.782318 -1.040340 -1.132430 -0.014924 -0.740281 -0.040098 0.670934
1341847992.332977 0.779272 -1.039100 -1.133320 -0.015188 -0.732054 -0.040760 0.679857
1341847992.362977 0.776637 -1.038990 -1.134280 -0.015480 -0.723823 -0.039907 0.688657
1341847992.392977 0.772730 -1.035920 -1.135440 -0.015526 -0.715812 -0.038728 0.697046
1341847992.422977 0.769523 -1.035590 -1.136740 -0.016964 -0.708228 -0.038829 0.704711
1341847992.452977 0.766691 -1.035820 -1.137160 -0.017292 -0.700502 -0.038135 0.712421
1341847992.482977 0.764558 -1.037350 -1.137820 -0.017135 -0.691710 -0.037488 0.720998
1341847992.512977 0.762517 -1.039220 -1.138760 -0.016736 -0.682158 -0.036970 0.730078
1341847992.542977 0.759198 -1.038820 -1.139250 -0.015511 -0.673140 -0.036443 0.738454
1341847992.572977 0.755430 -1.038600 -1.139350 -0.014791 -0.664363 -0.036536 0.746370
1341847992.602977 0.752549 -1.039440 -1.139390 -0.013563 -0.655128 -0.037156 0.754482
1341847992.632977 0.749633 -1.041340 -1.138800 -0.012838 -0.646088 -0.036906 0.762262
1341847992.662977 0.745109 -1.039720 -1.137260 -0.012393 -0.637244 -0.035796 0.769731
1341847992.692976 0.740771 -1.038750 -1.137680 -0.012931 -0.627946 -0.034870 0.777367
1341847992.722976 0.736391 -1.038390 -1.138240 -0.013630 -0.618060 -0.034726 0.785245
1341847992.752976 0.730843 -1.037870 -1.138410 -0.013950 -0.607865 -0.034831 0.793154
1341847992.782976 0.726186 -1.038400 -1.139950 -0.014641 -0.598713 -0.034448 0.800089
1341847992.812976 0.721263 -1.037980 -1.138980 -0.014916 -0.590215 -0.033110 0.806429
1341847992.842976 0.715828 -1.037520 -1.140420 -0.015133 -0.580733 -0.030728 0.813373
1341847992.872976 0.709901 -1.035850 -1.142930 -0.014948 -0.570051 -0.028392 0.820983
1341847992.902976 0.704685 -1.034980 -1.144830 -0.014541 -0.558825 -0.026342 0.828740
1341847992.932976 0.699327 -1.034410 -1.147590 -0.013298 -0.546898 -0.024854 0.836725
1341847992.962976 0.692623 -1.030890 -1.150070 -0.012003 -0.535127 -0.023563 0.844358
1341847992.992976 0.686364 -1.027810 -1.154340 -0.011839 -0.523059 -0.023004 0.851904
1341847993.022976 0.682846 -1.029090 -1.155940 -0.011179 -0.510087 -0.022909 0.859745
1341847993.052976 0.677526 -1.029250 -1.162080 -0.009319 -0.496027 -0.022027 0.867978
1341847993.082976 0.671152 -1.027880 -1.168730 -0.007508 -0.482317 -0.021228 0.875707
1341847993.112976 0.666266 -1.029990 -1.172180 -0.006644 -0.469140 -0.020972 0.882850
1341847993.142976 0.663006 -1.035820 -1.177690 -0.004836 -0.456209 -0.020729 0.889618
1341847993.172976 0.656597 -1.035850 -1.183240 -0.001305 -0.444588 -0.018402 0.895545
1341847993.202976 0.650269 -1.034300 -1.184710 0.001112 -0.434173 -0.015570 0.900694
1341847993.232976 0.648064 -1.037600 -1.184080 0.002496 -0.424068 -0.013462 0.905527
1341847993.262976 0.640209 -1.034610 -1.189570 0.004892 -0.412502 -0.010075 0.910888
1341847993.292976 0.632807 -1.032020 -1.189390 0.005142 -0.402094 -0.007381 0.915554
1341847993.322976 0.628894 -1.036570 -1.190270 0.003494 -0.392573 -0.006114 0.919694
1341847993.352976 0.620022 -1.043310 -1.192090 0.004476 -0.374931 -0.002748 0.927038
1341847993.382976 0.612924 -1.044430 -1.191900 0.005350 -0.366190 -0.001108 0.930524
1341847993.412976 0.607277 -1.047610 -1.190100 0.005603 -0.358470 0.000350 0.933524
1341847993.442976 0.599453 -1.047010 -1.187470 0.006694 -0.350323 0.002427 0.936602
1341847993.472976 0.590582 -1.047040 -1.186520 0.006320 -0.342226 0.003944 0.939588
1341847993.502976 0.584831 -1.050770 -1.181890 0.005347 -0.334873 0.004575 0.942237
1341847993.532976 0.575150 -1.052580 -1.178380 0.005071 -0.327031 0.005987 0.944981
1341847993.562976 0.564616 -1.053750 -1.176600 0.004560 -0.319626 0.006732 0.947509
1341847993.592976 0.556550 -1.057590 -1.169750 0.003607 -0.313255 0.006690 0.949639
1341847993.622976 0.547194 -1.061960 -1.166160 0.003495 -0.306214 0.006787 0.951932
1341847993.652976 0.535286 -1.063400 -1.161210 0.004556 -0.299342 0.006987 0.954109
1341847993.682976 0.523996 -1.064820 -1.155330 0.005032 -0.293474 0.006919 0.955929
1341847993.712976 0.514280 -1.069530 -1.146670 0.005156 -0.287400 0.005616 0.957780
1341847993.742975 0.501297 -1.070510 -1.141150 0.006902 -0.280716 0.004196 0.959757
1341847993.772975 0.485614 -1.066620 -1.133730 0.008362 -0.274833 0.002825 0.961452
1341847993.802975 0.468531 -1.061070 -1.124720 0.007394 -0.269934 0.001053 0.962850
1341847993.832975 0.455221 -1.059900 -1.116510 0.003152 -0.266455 -0.001353 0.963841
1341847993.862975 0.447865 -1.065350 -1.105460 -0.001804 -0.263348 -0.004629 0.964688
1341847993.892975 0.441979 -1.073980 -1.096950 -0.004333 -0.259345 -0.007442 0.965746
1341847993.922975 0.434305 -1.080900 -1.089210 -0.003376 -0.254803 -0.008266 0.966952
1341847993.952975 0.420890 -1.079990 -1.079910 0.000049 -0.249377 -0.006929 0.968382
1341847993.982975 0.395585 -1.075880 -1.062010 0.002410 -0.238788 -0.006239 0.971049
1341847994.012975 0.385609 -1.076670 -1.051020 0.001518 -0.233496 -0.006747 0.972333
1341847994.042975 0.375852 -1.079320 -1.042560 0.000578 -0.227908 -0.007203 0.973656
1341847994.072975 0.365871 -1.079210 -1.033370 0.000526 -0.222921 -0.006648 0.974814
1341847994.102975 0.358080 -1.082210 -1.025490 -0.000368 -0.217974 -0.006305 0.975934
1341847994.132975 0.350564 -1.084140 -1.017980 -0.000260 -0.212655 -0.005926 0.977109
1341847994.162975 0.342787 -1.086050 -1.009670 -0.000033 -0.206197 -0.005658 0.978494
1341847994.192975 0.335979 -1.090390 -1.003910 0.000455 -0.199511 -0.006167 0.979876
1341847994.222975 0.326392 -1.090760 -0.997993 0.001968 -0.193191 -0.005397 0.981144
1341847994.252975 0.316661 -1.090640 -0.991247 0.002677 -0.187247 -0.004252 0.982300
1341847994.282975 0.308817 -1.094100 -0.984754 0.002653 -0.181795 -0.003644 0.983326
1341847994.312975 0.299123 -1.094700 -0.978844 0.003903 -0.176586 -0.002935 0.984273
1341847994.342975 0.288754 -1.095760 -0.973441 0.004403 -0.171998 -0.002458 0.985084
1341847994.372975 0.280354 -1.098910 -0.966712 0.004973 -0.168303 -0.002375 0.985720
1341847994.402975 0.271090 -1.101710 -0.961684 0.006358 -0.164270 -0.002139 0.986393
1341847994.432975 0.259243 -1.100430 -0.958594 0.008514 -0.159510 -0.001931 0.987158
1341847994.462975 0.246572 -1.097980 -0.951938 0.009155 -0.154619 -0.002315 0.987929
1341847994.492975 0.238182 -1.101980 -0.947960 0.007855 -0.150366 -0.004959 0.988587
1341847994.522975 0.227040 -1.103840 -0.944731 0.008319 -0.145045 -0.007581 0.989361
1341847994.552975 0.215863 -1.102910 -0.938845 0.008786 -0.140200 -0.009510 0.990039
1341847994.582975 0.206847 -1.104930 -0.932401 0.008038 -0.135373 -0.011060 0.990700
1341847994.612975 0.199005 -1.108490 -0.929324 0.007369 -0.129869 -0.011352 0.991439
1341847994.642975 0.191268 -1.112400 -0.926092 0.008312 -0.123271 -0.010706 0.992280
1341847994.672975 0.178617 -1.111470 -0.923078 0.010602 -0.115031 -0.009152 0.993263
1341847994.702975 0.167517 -1.113080 -0.920109 0.011486 -0.107468 -0.008325 0.994107
1341847994.732975 0.157237 -1.116580 -0.919301 0.012932 -0.099438 -0.008340 0.994925
1341847994.762975 0.147865 -1.118120 -0.917786 0.015499 -0.091669 -0.008169 0.995635
1341847994.792974 0.138273 -1.121510 -0.917460 0.017904 -0.082405 -0.007743 0.996408
1341847994.822974 0.127605 -1.123090 -0.915071 0.021515 -0.073248 -0.006603 0.997060
1341847994.852974 0.117168 -1.122810 -0.911751 0.024908 -0.064998 -0.005369 0.997560
1341847994.882974 0.107267 -1.122890 -0.907563 0.026862 -0.057328 -0.004770 0.997983
1341847994.912974 0.101824 -1.124280 -0.899924 0.028017 -0.051125 -0.004804 0.998288
1341847994.942974 0.093286 -1.126260 -0.897565 0.029264 -0.043025 -0.004965 0.998633
1341847994.972974 0.083437 -1.126510 -0.894714 0.031050 -0.034731 -0.005036 0.998902
1341847995.002974 0.075456 -1.126500 -0.886525 0.032260 -0.028406 -0.004489 0.999066
1341847995.032974 0.062690 -1.127170 -0.889401 0.032916 -0.019534 -0.004026 0.999259
1341847995.062974 0.055460 -1.129870 -0.888051 0.033395 -0.013274 -0.003100 0.999349
1341847995.092974 0.045159 -1.131910 -0.889732 0.035129 -0.005240 -0.001652 0.999368
1341847995.122974 0.037612 -1.130170 -0.883758 0.037458 0.000715 -0.000308 0.999298
1341847995.152974 0.027782 -1.130490 -0.884750 0.037750 0.007638 0.000307 0.999258
1341847995.182974 0.019092 -1.132690 -0.883309 0.037880 0.014389 0.000282 0.999179
1341847995.212974 0.014112 -1.133170 -0.878668 0.038938 0.018695 0.000129 0.999067
1341847995.242974 0.004950 -1.130120 -0.874126 0.040017 0.023804 -0.000062 0.998915
1341847995.272974 -0.004066 -1.127080 -0.871424 0.038432 0.028311 -0.000815 0.998860
1341847995.302974 -0.009958 -1.130380 -0.868443 0.034975 0.032729 -0.002007 0.998850
1341847995.332974 -0.009443 -1.132940 -0.860833 0.033648 0.035339 -0.003078 0.998804
1341847995.362974 -0.014359 -1.133490 -0.856425 0.033580 0.041843 -0.003462 0.998554
1341847995.392974 -0.018451 -1.134320 -0.848006 0.033375 0.048662 -0.003504 0.998251
1341847995.422974 -0.024014 -1.135240 -0.843386 0.033309 0.055952 -0.003260 0.997872
1341847995.452974 -0.024338 -1.134760 -0.831937 0.033213 0.059977 -0.002481 0.997644
1341847995.482974 -0.026191 -1.135640 -0.820788 0.032099 0.065004 -0.000813 0.997368
1341847995.512974 -0.027446 -1.140430 -0.813537 0.030576 0.070542 0.001568 0.997039
1341847995.542974 -0.027264 -1.143440 -0.802963 0.031149 0.075656 0.004002 0.996639
1341847995.572974 -0.026071 -1.143280 -0.795824 0.032155 0.078569 0.006269 0.996370
1341847995.602974 -0.029119 -1.146370 -0.789394 0.031881 0.083031 0.007626 0.996008
1341847995.632974 -0.027324 -1.147580 -0.778452 0.032446 0.086134 0.008151 0.995722
1341847995.662974 -0.028445 -1.148760 -0.772004 0.032364 0.091112 0.008033 0.995282
1341847995.692974 -0.028181 -1.150210 -0.761663 0.032146 0.096227 0.007527 0.994812
1341847995.722974 -0.028992 -1.151950 -0.751056 0.031720 0.100908 0.007087 0.994365
1341847995.752974 -0.032310 -1.154270 -0.744944 0.031633 0.106167 0.006969 0.993821
1341847995.782974 -0.033978 -1.154220 -0.731993 0.032182 0.110671 0.007027 0.993311
1341847995.812973 -0.032728 -1.157450 -0.721538 0.031675 0.113911 0.007010 0.992961
1341847995.842973 -0.028698 -1.159190 -0.708724 0.032627 0.116964 0.006869 0.992576
1341847995.872973 -0.028475 -1.156480 -0.699862 0.033692 0.121469 0.006461 0.992002
1341847995.902973 -0.028317 -1.155610 -0.688478 0.032396 0.125706 0.005826 0.991521
1341847995.932973 -0.020811 -1.158020 -0.679065 0.030503 0.128361 0.004788 0.991247
1341847995.962973 -0.024150 -1.159330 -0.669346 0.029848 0.131954 0.003737 0.990799
1341847995.992973 -0.028381 -1.158190 -0.654400 0.030115 0.136600 0.002314 0.990166
1341847996.022973 -0.030883 -1.154400 -0.641965 0.029571 0.140867 0.000588 0.989587
1341847996.052973 -0.027388 -1.153800 -0.629120 0.027228 0.144677 -0.000489 0.989104
1341847996.082973 -0.032232 -1.155290 -0.617838 0.025171 0.150935 -0.000965 0.988223
1341847996.112973 -0.033364 -1.153920 -0.606169 0.024479 0.156025 -0.001018 0.987449
1341847996.142973 -0.038429 -1.151800 -0.593660 0.023002 0.161711 -0.001042 0.986569
1341847996.172973 -0.041233 -1.152570 -0.580061 0.020698 0.167197 -0.000477 0.985706
1341847996.202973 -0.036992 -1.155000 -0.581281 0.018889 0.170871 0.000047 0.985112
1341847996.232973 -0.050861 -1.154680 -0.560133 0.018634 0.177863 0.000550 0.983879
1341847996.262973 -0.041951 -1.152030 -0.564441 0.018023 0.181117 0.001003 0.983296
1341847996.292973 -0.034834 -1.150350 -0.564752 0.016114 0.184206 0.002263 0.982753
1341847996.322973 -0.032226 -1.152490 -0.557178 0.013541 0.188128 0.003735 0.982044
1341847996.352973 -0.034094 -1.156070 -0.550595 0.012339 0.192321 0.005454 0.981239
1341847996.382973 -0.023785 -1.157260 -0.556536 0.012787 0.194303 0.007036 0.980833
1341847996.412973 -0.040170 -1.156990 -0.534620 0.013820 0.201470 0.008508 0.979360
1341847996.442973 -0.039699 -1.157710 -0.529601 0.013840 0.205735 0.009649 0.978462
1341847996.472973 -0.047233 -1.161240 -0.516411 0.014208 0.211208 0.010536 0.977281
1341847996.502973 -0.048170 -1.160720 -0.507292 0.015794 0.216073 0.010833 0.976189
1341847996.532973 -0.050818 -1.161340 -0.502423 0.016045 0.220857 0.011164 0.975110
1341847996.562973 -0.063526 -1.163320 -0.481569 0.016583 0.228368 0.011933 0.973360
1341847996.592973 -0.060074 -1.163040 -0.479903 0.017517 0.232215 0.012595 0.972425
1341847996.622973 -0.067887 -1.164290 -0.464532 0.017990 0.238488 0.013302 0.970888
1341847996.652973 -0.068166 -1.165640 -0.456455 0.018635 0.243142 0.013776 0.969714
1341847996.682973 -0.066543 -1.166720 -0.451348 0.019295 0.246154 0.014056 0.968937
1341847996.712973 -0.073691 -1.168280 -0.435927 0.020183 0.252006 0.013952 0.967415
1341847996.742973 -0.078783 -1.166220 -0.420907 0.021219 0.257011 0.013727 0.966078
1341847996.772973 -0.076210 -1.167110 -0.417036 0.020682 0.260696 0.013763 0.965101
1341847996.802973 -0.083786 -1.168620 -0.399861 0.020782 0.266666 0.013805 0.963466
1341847996.832973 -0.083659 -1.168810 -0.391537 0.021061 0.270754 0.013621 0.962322
1341847996.862972 -0.081636 -1.169260 -0.383750 0.021225 0.274546 0.013680 0.961242
1341847996.892972 -0.084251 -1.168120 -0.369285 0.021783 0.279153 0.014178 0.959895
1341847996.922972 -0.084939 -1.166230 -0.359867 0.021424 0.283108 0.014539 0.958739
1341847996.952972 -0.087081 -1.168350 -0.346715 0.020170 0.286846 0.015139 0.957645
1341847996.982972 -0.087965 -1.170960 -0.341388 0.020355 0.290632 0.015917 0.956486
1341847997.012972 -0.088297 -1.170140 -0.331276 0.021891 0.293616 0.017406 0.955514
1341847997.042972 -0.090667 -1.171530 -0.319376 0.022986 0.296665 0.019129 0.954513
1341847997.072972 -0.091846 -1.170780 -0.312844 0.024992 0.299195 0.020526 0.953644
1341847997.102972 -0.093674 -1.169200 -0.300914 0.026352 0.301997 0.021610 0.952700
1341847997.132972 -0.090475 -1.169080 -0.297463 0.026611 0.304189 0.022529 0.951974
1341847997.162972 -0.091431 -1.169730 -0.290908 0.027059 0.307400 0.023120 0.950915
1341847997.192972 -0.090755 -1.167400 -0.284259 0.027509 0.310405 0.022996 0.949928
1341847997.222972 -0.090981 -1.167410 -0.276337 0.026811 0.313762 0.022888 0.948847
1341847997.252972 -0.093889 -1.166050 -0.268208 0.026557 0.317922 0.022939 0.947467
1341847997.282972 -0.092448 -1.166250 -0.265703 0.025451 0.321458 0.022728 0.946309
1341847997.312972 -0.092906 -1.167890 -0.258629 0.024880 0.325761 0.022430 0.944858
1341847997.342972 -0.093179 -1.165080 -0.250755 0.025303 0.329764 0.021353 0.943483
1341847997.372972 -0.092884 -1.162600 -0.242151 0.024164 0.333250 0.020504 0.942306
1341847997.402972 -0.092077 -1.165310 -0.238116 0.021814 0.336140 0.020214 0.941342
1341847997.432972 -0.090060 -1.167920 -0.232123 0.021576 0.339317 0.019496 0.940223
1341847997.462972 -0.089309 -1.165380 -0.226900 0.022495 0.343264 0.018474 0.938788
1341847997.492972 -0.087968 -1.165380 -0.223700 0.021791 0.347174 0.017511 0.937384
1341847997.522972 -0.090897 -1.166270 -0.215476 0.021186 0.352279 0.016660 0.935507
1341847997.552972 -0.089386 -1.165060 -0.212430 0.020894 0.356219 0.016218 0.934028
1341847997.582972 -0.091039 -1.165030 -0.203192 0.019944 0.361072 0.016301 0.932182
1341847997.612972 -0.091263 -1.167090 -0.197367 0.018809 0.365559 0.016428 0.930453
1341847997.642972 -0.094313 -1.169630 -0.185844 0.018694 0.371584 0.016361 0.928067
1341847997.672972 -0.094886 -1.170490 -0.179197 0.019432 0.377235 0.016169 0.925772
1341847997.702972 -0.096139 -1.170970 -0.172805 0.019984 0.382663 0.016221 0.923530
1341847997.732972 -0.098246 -1.173130 -0.163946 0.020259 0.388056 0.016445 0.921266
1341847997.762972 -0.100013 -1.174770 -0.153457 0.021163 0.393103 0.016150 0.919109
1341847997.792972 -0.098648 -1.172250 -0.143675 0.022220 0.397505 0.015639 0.917198
1341847997.822972 -0.097204 -1.170990 -0.135217 0.021474 0.401435 0.016453 0.915488
1341847997.852972 -0.096973 -1.175200 -0.126631 0.020116 0.405630 0.018179 0.913635
1341847997.882972 -0.096188 -1.175890 -0.117250 0.021151 0.409825 0.019397 0.911713
1341847997.912971 -0.093340 -1.174550 -0.110408 0.021420 0.412888 0.020510 0.910299
1341847997.942971 -0.091898 -1.177670 -0.100820 0.020671 0.415831 0.021693 0.908948
1341847997.972971 -0.090925 -1.181160 -0.093589 0.021502 0.418738 0.022575 0.907572
1341847998.002971 -0.089209 -1.179530 -0.084153 0.023243 0.422058 0.022762 0.905985
1341847998.032971 -0.088115 -1.180210 -0.074644 0.023257 0.425472 0.023250 0.904374
1341847998.062971 -0.087365 -1.182970 -0.065498 0.023443 0.428901 0.023834 0.902732
1341847998.092971 -0.086593 -1.184050 -0.055200 0.024221 0.431714 0.023727 0.901373
1341847998.122971 -0.084880 -1.183860 -0.045864 0.024593 0.433760 0.023370 0.900390
1341847998.152971 -0.083268 -1.186030 -0.034808 0.024177 0.435881 0.022975 0.899386
1341847998.182971 -0.082856 -1.189290 -0.025463 0.024566 0.438537 0.022413 0.898098
1341847998.212971 -0.080644 -1.188920 -0.014177 0.026182 0.441803 0.021492 0.896472
1341847998.242971 -0.079079 -1.189680 -0.002858 0.026904 0.445265 0.020874 0.894751
1341847998.272971 -0.078441 -1.192940 0.008196 0.027818 0.448964 0.020093 0.892891
1341847998.302971 -0.076863 -1.193600 0.017820 0.029862 0.453023 0.018429 0.890808
1341847998.332971 -0.073563 -1.191440 0.045138 0.032160 0.462066 0.014067 0.886151
1341847998.362971 -0.071456 -1.190010 0.054960 0.031684 0.465775 0.011840 0.884257
1341847998.392971 -0.068875 -1.188350 0.066442 0.030430 0.468588 0.009894 0.882837
1341847998.422971 -0.067435 -1.190740 0.077756 0.028405 0.471671 0.008899 0.881272
1341847998.452971 -0.065973 -1.193150 0.091591 0.028092 0.475332 0.008196 0.879320
1341847998.482971 -0.063883 -1.193200 0.104018 0.028963 0.479518 0.007640 0.877021
1341847998.512971 -0.062121 -1.193360 0.115871 0.029852 0.483630 0.007542 0.874731
1341847998.542971 -0.059326 -1.194360 0.124951 0.031005 0.486952 0.007922 0.872842
1341847998.572971 -0.057243 -1.192990 0.137852 0.032484 0.490822 0.007869 0.870618
1341847998.602971 -0.054246 -1.191260 0.148288 0.032766 0.494311 0.007799 0.868632
1341847998.632971 -0.052257 -1.191410 0.161880 0.032183 0.498254 0.007588 0.866400
1341847998.662971 -0.048969 -1.189330 0.171980 0.031812 0.501415 0.007157 0.864593
1341847998.692971 -0.046651 -1.189260 0.183230 0.030643 0.504475 0.007760 0.862847
1341847998.722971 -0.043418 -1.189130 0.193487 0.030140 0.507134 0.009029 0.861293
1341847998.752971 -0.041135 -1.189150 0.206031 0.029961 0.510012 0.010602 0.859580
1341847998.782971 -0.037510 -1.188820 0.214920 0.030087 0.512545 0.011965 0.858050
1341847998.812971 -0.034015 -1.188190 0.223074 0.030110 0.514886 0.013218 0.856628
1341847998.842971 -0.030960 -1.189130 0.231716 0.029772 0.517629 0.014239 0.854969
1341847998.872971 -0.028340 -1.191640 0.239342 0.029508 0.520084 0.014798 0.853477
1341847998.902971 -0.025886 -1.192250 0.252049 0.029922 0.522848 0.014333 0.851780
1341847998.932971 -0.022608 -1.190730 0.260684 0.030289 0.524954 0.014064 0.850475
1341847998.962970 -0.020767 -1.193530 0.269727 0.029445 0.527368 0.014812 0.848997
1341847998.992970 -0.018554 -1.197470 0.277910 0.029700 0.530389 0.015172 0.847098
1341847999.022970 -0.016870 -1.198280 0.291491 0.031031 0.533962 0.014255 0.844818
1341847999.052970 -0.013744 -1.197820 0.300576 0.031695 0.536981 0.012879 0.842900
1341847999.082970 -0.011432 -1.199870 0.307977 0.031182 0.539371 0.011598 0.841411
1341847999.112970 -0.009282 -1.202170 0.320958 0.031018 0.541965 0.009723 0.839772
1341847999.142970 -0.007728 -1.203560 0.329330 0.031394 0.544409 0.007992 0.838194
1341847999.172970 -0.005996 -1.206360 0.340317 0.031946 0.547252 0.006913 0.836329
1341847999.202970 -0.003830 -1.207910 0.351111 0.033305 0.550669 0.005794 0.834039
1341847999.232970 -0.002421 -1.209780 0.363951 0.034798 0.554608 0.004669 0.831371
1341847999.262970 -0.000914 -1.210580 0.379192 0.036483 0.559127 0.003422 0.828272
1341847999.292970 0.002182 -1.209740 0.388068 0.037532 0.563687 0.001964 0.825133
1341847999.322970 0.004101 -1.210310 0.398370 0.037630 0.567810 0.000751 0.822299
1341847999.352970 0.006279 -1.212260 0.409115 0.037867 0.571598 -0.000324 0.819659
1341847999.382970 0.008835 -1.211700 0.419766 0.038856 0.575883 -0.001347 0.816607
1341847999.412970 0.012055 -1.210880 0.430827 0.039239 0.579992 -0.001593 0.813675
1341847999.442970 0.015066 -1.212540 0.440693 0.039270 0.584070 -0.001196 0.810752
1341847999.472970 0.017219 -1.214670 0.450058 0.039758 0.588354 -0.001023 0.807625
1341847999.502970 0.020263 -1.214860 0.460108 0.040692 0.593601 -0.001963 0.803727
1341847999.532970 0.024277 -1.213070 0.469680 0.040913 0.598880 -0.003543 0.799785
1341847999.562970 0.027024 -1.213830 0.475931 0.039990 0.603744 -0.004377 0.796163
1341847999.592970 0.031131 -1.213990 0.485363 0.039556 0.609184 -0.005488 0.792023
1341847999.622970 0.035314 -1.212990 0.493788 0.038735 0.614724 -0.006810 0.787761
1341847999.652970 0.039205 -1.214140 0.499495 0.037437 0.619518 -0.007761 0.784051
1341847999.682970 0.043470 -1.213180 0.509922 0.036791 0.624947 -0.009044 0.779747
1341847999.712970 0.048846 -1.211640 0.517659 0.035720 0.629540 -0.009770 0.776085
1341847999.742970 0.053017 -1.211740 0.523080 0.034016 0.633544 -0.009688 0.772898
1341847999.772970 0.056665 -1.213360 0.532135 0.032602 0.638372 -0.009283 0.768981
1341847999.802970 0.061309 -1.213020 0.539092 0.032153 0.642889 -0.009107 0.765230
1341847999.832970 0.064822 -1.214670 0.546943 0.031461 0.647448 -0.007841 0.761420
1341847999.862970 0.070089 -1.216740 0.552549 0.031578 0.651748 -0.006946 0.757746
1341847999.892970 0.074352 -1.217980 0.558337 0.032049 0.655521 -0.006372 0.754469
1341847999.922970 0.079556 -1.219100 0.564724 0.032534 0.658943 -0.006021 0.751465
1341847999.952970 0.085054 -1.220320 0.569502 0.033052 0.661761 -0.005900 0.748962
1341847999.982970 0.089875 -1.222010 0.575995 0.033363 0.664869 -0.006167 0.746189
1341848000.012969 0.095674 -1.223010 0.580777 0.033454 0.667476 -0.006523 0.743851
1341848000.042969 0.100793 -1.225040 0.586907 0.033197 0.670317 -0.006799 0.741301
1341848000.072969 0.107293 -1.226580 0.590572 0.033194 0.672528 -0.007311 0.739290
1341848000.102969 0.114758 -1.226200 0.596100 0.033118 0.674927 -0.008251 0.737094
1341848000.132969 0.121581 -1.226910 0.600301 0.032007 0.677226 -0.008754 0.735027
1341848000.162969 0.128846 -1.229620 0.604889 0.030845 0.679414 -0.008927 0.733052
1341848000.192969 0.143065 -1.236640 0.613377 0.031485 0.684345 -0.011070 0.728394
1341848000.222969 0.160733 -1.236610 0.623092 0.032909 0.689490 -0.015260 0.723386
1341848000.252969 0.170244 -1.235840 0.628535 0.032864 0.692461 -0.017083 0.720504
1341848000.282969 0.180619 -1.232740 0.632638 0.031966 0.695093 -0.018390 0.717973
1341848000.312969 0.191001 -1.233020 0.635891 0.029888 0.697675 -0.017953 0.715565
1341848000.342969 0.200609 -1.235270 0.641413 0.029266 0.700810 -0.016727 0.712551
1341848000.372969 0.211498 -1.234780 0.645319 0.030467 0.703971 -0.015897 0.709397
1341848000.402969 0.222166 -1.234500 0.648693 0.031760 0.707068 -0.014693 0.706279
1341848000.432969 0.233506 -1.233170 0.653025 0.033264 0.710115 -0.013875 0.703162
1341848000.462969 0.245353 -1.230460 0.655956 0.034150 0.713017 -0.012931 0.700195
1341848000.492969 0.256257 -1.229340 0.659316 0.033806 0.716168 -0.011410 0.697015
1341848000.522969 0.268413 -1.226900 0.662983 0.033443 0.718941 -0.010196 0.694192
1341848000.552969 0.280300 -1.223600 0.664259 0.032227 0.721290 -0.008602 0.691829
1341848000.582969 0.291069 -1.224080 0.667492 0.029536 0.723824 -0.006253 0.689324
1341848000.612969 0.301378 -1.227040 0.672910 0.027544 0.727020 -0.004500 0.686049
1341848000.642969 0.312011 -1.226510 0.675590 0.027133 0.729870 -0.004403 0.683034
1341848000.672969 0.323203 -1.224360 0.678923 0.026384 0.732381 -0.004578 0.680368
1341848000.702969 0.333890 -1.221480 0.680185 0.024676 0.734155 -0.004730 0.678517
1341848000.732969 0.345015 -1.217380 0.683133 0.021798 0.736030 -0.004630 0.676582
1341848000.762969 0.356048 -1.216030 0.685774 0.017878 0.737913 -0.003340 0.674651
1341848000.792969 0.365751 -1.216400 0.688536 0.014399 0.739934 -0.002113 0.672522
1341848000.822969 0.375371 -1.216140 0.692124 0.012379 0.741821 -0.001395 0.670482
1341848000.852969 0.385063 -1.213540 0.695997 0.011685 0.743920 -0.000516 0.668167
1341848000.882969 0.394088 -1.213040 0.699473 0.011143 0.746328 0.001201 0.665484
1341848000.912969 0.402979 -1.211980 0.703062 0.011001 0.749195 0.002190 0.662255
1341848000.942969 0.411728 -1.210060 0.705643 0.010953 0.752221 0.002700 0.658815
1341848000.972969 0.420938 -1.205800 0.708947 0.010344 0.755285 0.002928 0.655309
1341848001.002969 0.429695 -1.202710 0.710546 0.008270 0.757669 0.004032 0.652574
1341848001.032969 0.437973 -1.200800 0.713602 0.005965 0.759981 0.005424 0.649895
1341848001.062968 0.446940 -1.198780 0.717276 0.003792 0.762258 0.006931 0.647225
1341848001.092968 0.454858 -1.198920 0.721942 0.002378 0.764702 0.008873 0.644318
1341848001.122968 0.462969 -1.197640 0.725234 0.002123 0.767378 0.009852 0.641116
1341848001.152968 0.471273 -1.194070 0.729163 0.001862 0.770231 0.010454 0.637676
1341848001.182968 0.479307 -1.191320 0.733363 0.000639 0.772823 0.011681 0.634514
1341848001.212968 0.487704 -1.190210 0.737428 -0.001121 0.775212 0.013114 0.631564
1341848001.242968 0.495540 -1.189440 0.742729 -0.002348 0.777620 0.014404 0.628565
1341848001.272968 0.504202 -1.185900 0.747979 -0.003106 0.780213 0.014795 0.625331
1341848001.302968 0.512468 -1.182420 0.753416 -0.004975 0.782951 0.016001 0.621858
1341848001.332968 0.520908 -1.180740 0.758650 -0.007497 0.785825 0.018176 0.618136
1341848001.362968 0.529353 -1.179080 0.764083 -0.009557 0.789147 0.020295 0.613795
1341848001.392968 0.537344 -1.177660 0.770627 -0.010834 0.792646 0.022522 0.609169
1341848001.422968 0.546317 -1.173350 0.776616 -0.012087 0.796143 0.024217 0.604503
1341848001.452968 0.555127 -1.169690 0.782825 -0.014413 0.799637 0.026270 0.599735
1341848001.482968 0.563105 -1.169220 0.789888 -0.017596 0.802989 0.028184 0.595067
1341848001.512968 0.570707 -1.169950 0.797866 -0.019960 0.806487 0.029140 0.590196
1341848001.542968 0.577880 -1.170750 0.805023 -0.021144 0.810139 0.029035 0.585137
1341848001.572968 0.585720 -1.168430 0.812301 -0.021719 0.814266 0.027467 0.579435
1341848001.602968 0.593885 -1.165140 0.819174 -0.022562 0.818616 0.025811 0.573317
1341848001.632968 0.602924 -1.160740 0.825479 -0.023984 0.822665 0.024395 0.567496
1341848001.662968 0.611338 -1.156750 0.831446 -0.026108 0.826095 0.024063 0.562411
1341848001.692968 0.620109 -1.153650 0.838049 -0.028544 0.829282 0.024641 0.557556
1341848001.722968 0.628374 -1.151360 0.844015 -0.031129 0.832548 0.025441 0.552493
1341848001.752968 0.636454 -1.150160 0.850084 -0.033441 0.835973 0.026298 0.547119
1341848001.782968 0.643686 -1.149110 0.854709 -0.035274 0.839299 0.026266 0.541889
1341848001.812968 0.652579 -1.142920 0.858928 -0.036980 0.842308 0.025836 0.537106
1341848001.842968 0.661046 -1.138700 0.863080 -0.039755 0.844752 0.027504 0.532970
1341848001.872968 0.668356 -1.138750 0.867018 -0.042360 0.847111 0.029582 0.528898
1341848001.902968 0.676207 -1.135250 0.870807 -0.043731 0.849822 0.030473 0.524369
1341848001.932968 0.684503 -1.130920 0.873684 -0.044434 0.852623 0.032069 0.519645
1341848001.962968 0.690820 -1.133600 0.876692 -0.044703 0.855587 0.034343 0.514580
1341848001.992968 0.697672 -1.132430 0.880031 -0.043980 0.858761 0.032958 0.509420
1341848002.022968 0.706219 -1.124530 0.881752 -0.043718 0.860835 0.031846 0.506002
1341848002.052968 0.714153 -1.122080 0.884060 -0.044480 0.862391 0.033995 0.503137
1341848002.082968 0.719144 -1.125470 0.884814 -0.043617 0.863902 0.035096 0.500539
1341848002.112967 0.727480 -1.118020 0.885262 -0.040981 0.865893 0.033395 0.497428
1341848002.142967 0.736248 -1.111190 0.885497 -0.040536 0.867425 0.034925 0.494683
1341848002.172967 0.742934 -1.109420 0.883288 -0.041798 0.868218 0.038109 0.492948
1341848002.202967 0.749311 -1.107810 0.880432 -0.042635 0.868860 0.040151 0.491581
1341848002.232967 0.756606 -1.103130 0.877441 -0.043015 0.869856 0.041768 0.489648
1341848002.262967 0.764293 -1.099910 0.875267 -0.044048 0.871067 0.044610 0.487148
1341848002.292967 0.771659 -1.097550 0.871390 -0.044956 0.872060 0.047586 0.485002
1341848002.322967 0.778436 -1.096670 0.866604 -0.045291 0.873143 0.049812 0.482793
1341848002.352967 0.786164 -1.094250 0.862161 -0.045188 0.874345 0.051573 0.480436
1341848002.382967 0.793689 -1.092990 0.856569 -0.045257 0.875424 0.053013 0.478303
1341848002.412967 0.801827 -1.090620 0.851143 -0.045161 0.876647 0.053596 0.476003
1341848002.442967 0.810304 -1.087950 0.845269 -0.045976 0.877729 0.054700 0.473800
1341848002.472967 0.818263 -1.086590 0.839094 -0.047669 0.878256 0.057593 0.472311
1341848002.502967 0.827302 -1.084470 0.832979 -0.049269 0.878688 0.060574 0.470967
1341848002.532967 0.835936 -1.082080 0.826204 -0.050856 0.879137 0.063127 0.469623
1341848002.562967 0.844530 -1.079440 0.818996 -0.051987 0.879894 0.064636 0.467874
1341848002.592967 0.853031 -1.078230 0.812037 -0.052651 0.881286 0.065084 0.465110
1341848002.622967 0.862170 -1.075620 0.805475 -0.053029 0.883110 0.065038 0.461600
1341848002.652967 0.872068 -1.071380 0.798717 -0.053526 0.885255 0.065777 0.457310
1341848002.682967 0.881515 -1.068100 0.790435 -0.053812 0.887295 0.067918 0.452989
1341848002.712967 0.890467 -1.064430 0.781220 -0.053277 0.889181 0.069886 0.449037
1341848002.742967 0.899158 -1.060930 0.772519 -0.052419 0.891037 0.072431 0.445039
1341848002.772967 0.907590 -1.056620 0.763436 -0.051597 0.893025 0.074871 0.440725
1341848002.802967 0.915688 -1.053320 0.754749 -0.051161 0.895109 0.077478 0.436074
1341848002.832967 0.923995 -1.049740 0.745964 -0.052131 0.896803 0.081507 0.431721
1341848002.862967 0.931592 -1.046750 0.737030 -0.054481 0.897949 0.086317 0.428099
1341848002.892967 0.938467 -1.044090 0.728340 -0.057119 0.898697 0.090564 0.425299
1341848002.922967 0.945447 -1.039740 0.719624 -0.059989 0.898868 0.096034 0.423338
1341848002.952967 0.951456 -1.036100 0.710507 -0.062565 0.898822 0.102194 0.421617
1341848002.982967 0.956122 -1.035030 0.702183 -0.063680 0.899038 0.106860 0.419830
1341848003.012967 0.960925 -1.033050 0.695073 -0.063237 0.899529 0.109922 0.418051
1341848003.042967 0.965972 -1.030350 0.688533 -0.062260 0.899924 0.113043 0.416511
1341848003.072967 0.970633 -1.028480 0.682123 -0.061647 0.900167 0.116503 0.415122
1341848003.102967 0.975748 -1.025380 0.676253 -0.061770 0.900147 0.121081 0.413835
1341848003.132967 0.980639 -1.021840 0.670233 -0.062510 0.899892 0.126813 0.412559
1341848003.162966 0.984770 -1.018930 0.664443 -0.063127 0.899731 0.132237 0.411111
1341848003.192966 0.988734 -1.016130 0.659125 -0.063819 0.899565 0.137729 0.409562
1341848003.222966 0.992417 -1.013980 0.654359 -0.064520 0.899301 0.143103 0.408187
1341848003.252966 0.995885 -1.011300 0.649948 -0.065260 0.899078 0.147698 0.406922
1341848003.282966 0.999521 -1.009360 0.646175 -0.066334 0.898723 0.152448 0.405779
1341848003.312966 1.003040 -1.007270 0.642536 -0.068094 0.898298 0.156857 0.404747
1341848003.342966 1.007020 -1.005840 0.639146 -0.070290 0.897671 0.161294 0.404018
1341848003.372966 1.011200 -1.003090 0.635435 -0.072467 0.896871 0.165374 0.403761
1341848003.402966 1.015960 -1.000010 0.632314 -0.073844 0.896200 0.169127 0.403446
1341848003.432966 1.020760 -0.998255 0.628673 -0.075373 0.895431 0.173075 0.403196
1341848003.462966 1.026200 -0.995234 0.625025 -0.077926 0.894353 0.177927 0.402992
1341848003.492966 1.032500 -0.990395 0.621839 -0.080190 0.892990 0.183752 0.402957
1341848003.522966 1.038800 -0.986932 0.618953 -0.082201 0.891650 0.189315 0.402942
1341848003.552966 1.045530 -0.983292 0.616564 -0.083498 0.890443 0.194152 0.403044
1341848003.582966 1.052780 -0.979291 0.614192 -0.084547 0.889371 0.198512 0.403069
1341848003.612966 1.060470 -0.975470 0.611858 -0.085688 0.888458 0.202550 0.402832
1341848003.642966 1.068140 -0.971462 0.609492 -0.086528 0.887651 0.206391 0.402481
1341848003.672966 1.075850 -0.967920 0.607023 -0.087601 0.887020 0.209898 0.401826
1341848003.702966 1.084280 -0.963896 0.604972 -0.088602 0.886565 0.213299 0.400820
1341848003.732966 1.092540 -0.960267 0.602740 -0.089935 0.886220 0.216505 0.399565
1341848003.762966 1.100850 -0.956021 0.600431 -0.091183 0.885861 0.219773 0.398291
1341848003.792966 1.109210 -0.951740 0.598119 -0.091936 0.885514 0.223309 0.396921
1341848003.822966 1.117630 -0.947951 0.596243 -0.092482 0.885417 0.226443 0.395230
1341848003.852966 1.125910 -0.945421 0.594344 -0.093327 0.885484 0.229028 0.393388
1341848003.882966 1.134350 -0.942350 0.592372 -0.094302 0.885535 0.231641 0.391507
1341848003.912966 1.142350 -0.939933 0.590150 -0.095846 0.885536 0.233998 0.389724
1341848003.942966 1.150680 -0.938411 0.588488 -0.097586 0.885485 0.235915 0.388250
1341848003.972966 1.159220 -0.936470 0.586798 -0.099490 0.885018 0.238519 0.387239
1341848004.002966 1.167640 -0.933266 0.585303 -0.101581 0.884299 0.241868 0.386260
1341848004.032966 1.175910 -0.929931 0.583987 -0.102842 0.883721 0.245232 0.385126
1341848004.062966 1.183770 -0.927700 0.582275 -0.103802 0.883438 0.247991 0.383749
1341848004.092966 1.191400 -0.925095 0.580667 -0.104812 0.883406 0.250449 0.381947
1341848004.122966 1.199140 -0.922709 0.579595 -0.105680 0.883658 0.252581 0.379716
1341848004.152966 1.206330 -0.921378 0.578266 -0.106113 0.884201 0.254042 0.377348
1341848004.182966 1.213490 -0.919697 0.576741 -0.106385 0.884896 0.255341 0.374757
1341848004.212965 1.220120 -0.918461 0.575288 -0.106565 0.885433 0.257532 0.371926
1341848004.242965 1.226460 -0.917847 0.574013 -0.106272 0.886250 0.259312 0.368815
1341848004.272965 1.232780 -0.916931 0.572625 -0.105510 0.887265 0.260886 0.365469
1341848004.302965 1.238550 -0.914978 0.571378 -0.104786 0.888318 0.262434 0.361994
1341848004.332965 1.243660 -0.914082 0.569633 -0.103785 0.889500 0.263951 0.358258
1341848004.362965 1.248940 -0.914037 0.568439 -0.102758 0.891121 0.264543 0.354063
1341848004.392965 1.254000 -0.913853 0.566891 -0.102159 0.892683 0.265226 0.349764
1341848004.422965 1.258770 -0.913596 0.565620 -0.102234 0.894045 0.266182 0.345513
1341848004.452965 1.262930 -0.913963 0.564132 -0.102210 0.895171 0.267450 0.341603
1341848004.482965 1.266730 -0.914744 0.562833 -0.101467 0.896476 0.268234 0.337765
1341848004.512965 1.270000 -0.915847 0.561415 -0.099987 0.898000 0.268210 0.334159
1341848004.542965 1.273190 -0.916863 0.560071 -0.097963 0.899653 0.267570 0.330809
1341848004.572965 1.276250 -0.917950 0.558373 -0.095408 0.901192 0.266978 0.327832
1341848004.602965 1.278570 -0.919067 0.556721 -0.092768 0.903055 0.265107 0.324968
1341848004.632965 1.281370 -0.920558 0.555451 -0.090212 0.905186 0.262615 0.321765
1341848004.662965 1.283940 -0.922356 0.554061 -0.088160 0.907308 0.259765 0.318658
1341848004.692965 1.286210 -0.924331 0.552540 -0.086281 0.909211 0.256929 0.316034
1341848004.722965 1.288130 -0.926023 0.550515 -0.084038 0.910824 0.254381 0.314050
1341848004.752965 1.290130 -0.928098 0.548670 -0.082293 0.912044 0.252905 0.312157
1341848004.782965 1.290900 -0.928418 0.546093 -0.080132 0.912910 0.252443 0.310558
1341848004.812965 1.291920 -0.929179 0.544042 -0.077639 0.913937 0.252205 0.308356
1341848004.842965 1.292860 -0.930865 0.541845 -0.075175 0.915207 0.251552 0.305723
1341848004.872965 1.294050 -0.932429 0.540109 -0.072684 0.916787 0.250072 0.302793
1341848004.902965 1.294580 -0.935495 0.538113 -0.070149 0.918359 0.248321 0.300054
1341848004.932965 1.295650 -0.937898 0.535837 -0.068130 0.919898 0.246446 0.297338
1341848004.962965 1.295820 -0.941593 0.533435 -0.066375 0.921265 0.244434 0.295155
1341848004.992965 1.296500 -0.943951 0.531295 -0.064551 0.922753 0.241811 0.293067
1341848005.022965 1.297490 -0.947750 0.529229 -0.063577 0.924001 0.239345 0.291366
1341848005.052965 1.298170 -0.951263 0.526998 -0.062542 0.924894 0.237238 0.290477
1341848005.082965 1.298280 -0.953800 0.523977 -0.061356 0.925612 0.235283 0.290034
1341848005.112965 1.298780 -0.956636 0.521129 -0.060144 0.926436 0.233237 0.289310
1341848005.142965 1.299480 -0.959614 0.518393 -0.059324 0.927482 0.230602 0.288236
1341848005.172965 1.299600 -0.963886 0.515070 -0.058448 0.928574 0.227501 0.287362
1341848005.202965 1.300270 -0.967288 0.512188 -0.057952 0.929746 0.223944 0.286465
1341848005.232965 1.300760 -0.970905 0.508503 -0.057748 0.930587 0.220941 0.286110
1341848005.262964 1.300840 -0.972836 0.504239 -0.057152 0.931222 0.218356 0.286147
1341848005.292964 1.301320 -0.975237 0.499967 -0.056432 0.931861 0.216059 0.285953
1341848005.322964 1.300620 -0.977201 0.494427 -0.054854 0.932387 0.214101 0.286018
1341848005.352964 1.300740 -0.979770 0.489517 -0.052020 0.933173 0.212432 0.285228
1341848005.382964 1.301180 -0.981763 0.484492 -0.049983 0.934529 0.209376 0.283405
1341848005.412964 1.301410 -0.982642 0.478662 -0.048394 0.935810 0.206483 0.281571
1341848005.442964 1.301610 -0.985013 0.472695 -0.046149 0.936787 0.205015 0.279767
1341848005.472964 1.301960 -0.986288 0.466593 -0.044220 0.937745 0.203687 0.277833
1341848005.502964 1.302420 -0.989442 0.460758 -0.041714 0.938620 0.202555 0.276088
1341848005.532964 1.302570 -0.993200 0.455190 -0.038670 0.939966 0.199553 0.274131
1341848005.562964 1.303150 -0.996375 0.449020 -0.035932 0.941680 0.195303 0.271671
1341848005.592964 1.303610 -0.999749 0.443177 -0.033496 0.943489 0.190457 0.269133
1341848005.622964 1.303310 -1.004680 0.436441 -0.030938 0.945177 0.185531 0.266949
1341848005.652964 1.303840 -1.008720 0.430042 -0.028869 0.946785 0.180477 0.264938
1341848005.682964 1.304630 -1.012050 0.423251 -0.027367 0.947967 0.176471 0.263567
1341848005.712964 1.305250 -1.017120 0.416754 -0.025776 0.948786 0.173416 0.262806
1341848005.742964 1.306440 -1.019740 0.410599 -0.023943 0.949829 0.169334 0.261872
1341848005.772964 1.307070 -1.023290 0.403970 -0.021929 0.950972 0.165129 0.260582
1341848005.802964 1.308090 -1.025830 0.397617 -0.019506 0.952112 0.161168 0.259088
1341848005.832964 1.308330 -1.030640 0.391640 -0.016371 0.953401 0.156988 0.257123
1341848005.862964 1.308670 -1.033070 0.385235 -0.013140 0.955025 0.152271 0.254104
1341848005.892964 1.310790 -1.035530 0.380661 -0.010377 0.956640 0.148423 0.250404
1341848005.922964 1.312100 -1.037530 0.375286 -0.008902 0.957938 0.145235 0.247352
1341848005.952964 1.313430 -1.039650 0.370243 -0.007915 0.958900 0.142815 0.245055
1341848005.982964 1.314350 -1.043010 0.365027 -0.006727 0.959747 0.139948 0.243422
1341848006.012964 1.315000 -1.047890 0.360203 -0.005001 0.960649 0.136778 0.241704
1341848006.042964 1.315010 -1.051040 0.355071 -0.002850 0.961752 0.132880 0.239517
1341848006.072964 1.316120 -1.053270 0.350581 -0.000958 0.962984 0.129027 0.236669
1341848006.102964 1.316960 -1.057990 0.347027 0.000092 0.964029 0.126133 0.233964
1341848006.132964 1.317770 -1.061380 0.343007 0.000407 0.965022 0.122961 0.231545
1341848006.162964 1.318540 -1.066740 0.339502 0.000539 0.965866 0.120440 0.229342
1341848006.192964 1.319300 -1.070380 0.335908 0.000231 0.966630 0.117676 0.227549
1341848006.222964 1.320220 -1.073230 0.332030 0.000138 0.967181 0.115449 0.226344
1341848006.252964 1.319860 -1.078390 0.328187 0.000208 0.967654 0.113280 0.225419
1341848006.282964 1.320750 -1.082180 0.325249 0.001021 0.968429 0.110134 0.223641
1341848006.312963 1.321060 -1.084700 0.321805 0.002000 0.969230 0.107123 0.221618
1341848006.342963 1.320760 -1.087960 0.318376 0.003288 0.969994 0.105199 0.219165
1341848006.372963 1.321220 -1.090750 0.315588 0.004462 0.970843 0.103473 0.216190
1341848006.402963 1.322260 -1.091730 0.312771 0.004905 0.971402 0.102647 0.214049
1341848006.432963 1.323370 -1.093910 0.310406 0.005133 0.971632 0.102694 0.212977
1341848006.462963 1.323040 -1.099900 0.308470 0.005429 0.971821 0.102169 0.212358
1341848006.492963 1.323680 -1.104690 0.307021 0.005713 0.972290 0.100244 0.211120
1341848006.522963 1.323950 -1.107950 0.304573 0.006064 0.972657 0.098054 0.210443
1341848006.552963 1.324060 -1.111880 0.302662 0.006031 0.972966 0.096101 0.209917
1341848006.582963 1.324130 -1.118020 0.301517 0.006345 0.973353 0.093967 0.209078
1341848006.612963 1.323960 -1.121260 0.299785 0.006686 0.973857 0.091083 0.207994
1341848006.642963 1.324890 -1.122270 0.298105 0.006686 0.974422 0.088689 0.206378
1341848006.672963 1.326110 -1.123680 0.296998 0.005892 0.974830 0.087121 0.205136
1341848006.702963 1.325900 -1.126330 0.295386 0.005286 0.974924 0.086018 0.205174
1341848006.732963 1.326500 -1.130090 0.294638 0.005695 0.975061 0.084702 0.205057
1341848006.762963 1.325890 -1.133350 0.293601 0.006050 0.975318 0.082839 0.204589
1341848006.792963 1.326870 -1.135900 0.293129 0.006340 0.975764 0.080712 0.203297
1341848006.822963 1.327830 -1.137710 0.292399 0.006356 0.976112 0.078891 0.202340
1341848006.852963 1.328950 -1.140830 0.291768 0.006694 0.976347 0.077275 0.201816
1341848006.882963 1.329350 -1.142780 0.290386 0.006919 0.976559 0.075351 0.201513
1341848006.912963 1.330030 -1.144060 0.289211 0.007358 0.976751 0.073441 0.201269
1341848006.942963 1.331490 -1.143840 0.287705 0.007919 0.976894 0.071916 0.201107
1341848006.972963 1.332220 -1.144730 0.286358 0.008391 0.976884 0.071192 0.201394
1341848007.002963 1.333050 -1.144960 0.284935 0.008465 0.976896 0.070545 0.201559
1341848007.032963 1.334080 -1.144790 0.283778 0.008251 0.976908 0.070440 0.201547
1341848007.062963 1.334890 -1.145810 0.282658 0.008167 0.976941 0.070480 0.201376
1341848007.092963 1.335510 -1.144870 0.281309 0.007844 0.976976 0.070289 0.201284
1341848007.122963 1.336500 -1.145050 0.279989 0.007404 0.976921 0.071032 0.201309
1341848007.152963 1.335970 -1.148990 0.279354 0.006848 0.976923 0.070997 0.201331
